1 -> 1
2 -> 2, 9, 11, 43, 49, 55, 68, 119, 127, 132, 137, 157, 174, 185, 198, 211, 225, 243, 280, 310, 323, 345  (duplicated)
3 -> 3
4 -> 4
5 -> 5
6 -> 6
7 -> 7
8 -> 8, 36, 64, 87, 151, 167, 181, 194, 207, 221, 238, 260, 305, 319, 332  (duplicated)
9 -> 2, 9, 11, 43, 49, 55, 68, 119, 127, 132, 137, 157, 174, 185, 198, 211, 225, 243, 280, 310, 323, 345  (duplicated)
10 -> 10
11 -> (deleted)
12 -> 12, 69, 158, 175, 186, 199, 212, 226, 244, 281, 311, 324  (duplicated)
13 -> 13
14 -> 14
15 -> 15, 73, 246, 252, 283, 293  (duplicated)
16 -> 16
17 -> 17
18 -> 18
19 -> 19
20 -> 20
21 -> 21
22 -> 22
23 -> 23
24 -> 24
25 -> 25
26 -> 26
27 -> 27
28 -> 28
29 -> 29
30 -> 30, 84, 150, 235, 302  (duplicated)
31 -> 31
32 -> 32
33 -> 33
34 -> 34, 78, 80, 85, 142, 146, 162, 165, 177, 179, 190, 192, 203, 217, 219, 230, 232, 298, 303, 315, 317, 328, 330  (duplicated)
35 -> 35
36 -> 8, 36, 64, 87, 151, 167, 181, 194, 207, 221, 238, 260, 305, 319, 332  (duplicated)
37 -> 37
38 -> 38, 44, 50, 56  (duplicated)
39 -> (deleted)
40 -> (deleted)
41 -> 41, 47, 53, 59  (duplicated)
42 -> (deleted)
43 -> 38, 44, 50, 56  (duplicated)
44 -> (deleted)
45 -> (deleted)
46 -> 41, 47, 53, 59  (duplicated)
47 -> (deleted)
48 -> 38, 44, 50, 56  (duplicated)
49 -> 45
50 -> 40, 46, 52  (duplicated)
51 -> 41, 47, 53, 59  (duplicated)
52 -> 48
53 -> 38, 44, 50, 56  (duplicated)
54 -> (deleted)
55 -> (deleted)
56 -> 41, 47, 53, 59  (duplicated)
57 -> 54
58 -> 61, 94, 99, 109  (duplicated)
59 -> (deleted)
60 -> (deleted)
61 -> (deleted)
62 -> (deleted)
63 -> (deleted)
64 -> (deleted)
65 -> 61, 94, 99, 109  (duplicated)
66 -> 62, 138  (duplicated)
67 -> 63
68 -> 8, 36, 64, 87, 151, 167, 181, 194, 207, 221, 238, 260, 305, 319, 332  (duplicated)
69 -> 65
70 -> 67, 136, 156, 173, 184, 197, 210, 224, 242, 279, 309, 322, 344, 346  (duplicated)
71 -> 12, 69, 158, 175, 186, 199, 212, 226, 244, 281, 311, 324  (duplicated)
72 -> 70
73 -> 71
74 -> 72, 216  (duplicated)
75 -> 15, 73, 246, 252, 283, 293  (duplicated)
76 -> 74
77 -> 75
78 -> 76
79 -> 77, 251, 256, 292, 297  (duplicated)
80 -> 34, 78, 80, 85, 142, 146, 162, 165, 177, 179, 190, 192, 203, 217, 219, 230, 232, 298, 303, 315, 317, 328, 330  (duplicated)
81 -> 79
82 -> 34, 78, 80, 85, 142, 146, 162, 165, 177, 179, 190, 192, 203, 217, 219, 230, 232, 298, 303, 315, 317, 328, 330  (duplicated)
83 -> 81, 147, 233, 300  (duplicated)
84 -> 82
85 -> 83
86 -> 30, 84, 150, 235, 302  (duplicated)
87 -> 34, 78, 80, 85, 142, 146, 162, 165, 177, 179, 190, 192, 203, 217, 219, 230, 232, 298, 303, 315, 317, 328, 330  (duplicated)
88 -> 86
89 -> 8, 36, 64, 87, 151, 167, 181, 194, 207, 221, 238, 260, 305, 319, 332  (duplicated)
90 -> 88
91 -> 89
92 -> (deleted)
93 -> 61, 94, 99, 109  (duplicated)
94 -> (deleted)
95 -> (deleted)
96 -> (deleted)
97 -> (deleted)
98 -> (deleted)
99 -> (deleted)
100 -> 104, 114  (duplicated)
101 -> (deleted)
102 -> (deleted)
103 -> 108, 118, 135  (duplicated)
104 -> (deleted)
105 -> (deleted)
106 -> 104, 114  (duplicated)
107 -> (deleted)
108 -> (deleted)
109 -> 108, 118, 135  (duplicated)
110 -> 61, 94, 99, 109  (duplicated)
111 -> (deleted)
112 -> 61, 94, 99, 109  (duplicated)
113 -> 122, 153  (duplicated)
114 -> 123, 154  (duplicated)
115 -> 124, 155  (duplicated)
116 -> 67, 136, 156, 173, 184, 197, 210, 224, 242, 279, 309, 322, 344, 346  (duplicated)
117 -> 62, 138  (duplicated)
118 -> 139
119 -> 140
120 -> 141
121 -> 34, 78, 80, 85, 142, 146, 162, 165, 177, 179, 190, 192, 203, 217, 219, 230, 232, 298, 303, 315, 317, 328, 330  (duplicated)
122 -> 143
123 -> 144
124 -> 145
125 -> 34, 78, 80, 85, 142, 146, 162, 165, 177, 179, 190, 192, 203, 217, 219, 230, 232, 298, 303, 315, 317, 328, 330  (duplicated)
126 -> 81, 147, 233, 300  (duplicated)
127 -> 148, 301  (duplicated)
128 -> 149, 234  (duplicated)
129 -> 30, 84, 150, 235, 302  (duplicated)
130 -> 8, 36, 64, 87, 151, 167, 181, 194, 207, 221, 238, 260, 305, 319, 332  (duplicated)
131 -> (deleted)
132 -> (deleted)
133 -> 122, 153  (duplicated)
134 -> 123, 154  (duplicated)
135 -> 124, 155  (duplicated)
136 -> 67, 136, 156, 173, 184, 197, 210, 224, 242, 279, 309, 322, 344, 346  (duplicated)
137 -> 12, 69, 158, 175, 186, 199, 212, 226, 244, 281, 311, 324  (duplicated)
138 -> 159
139 -> 160
140 -> 161
141 -> 34, 78, 80, 85, 142, 146, 162, 165, 177, 179, 190, 192, 203, 217, 219, 230, 232, 298, 303, 315, 317, 328, 330  (duplicated)
142 -> 163
143 -> 164
144 -> 34, 78, 80, 85, 142, 146, 162, 165, 177, 179, 190, 192, 203, 217, 219, 230, 232, 298, 303, 315, 317, 328, 330  (duplicated)
145 -> 166
146 -> 8, 36, 64, 87, 151, 167, 181, 194, 207, 221, 238, 260, 305, 319, 332  (duplicated)
147 -> 168
148 -> (deleted)
149 -> 67, 136, 156, 173, 184, 197, 210, 224, 242, 279, 309, 322, 344, 346  (duplicated)
150 -> 12, 69, 158, 175, 186, 199, 212, 226, 244, 281, 311, 324  (duplicated)
151 -> 176
152 -> 34, 78, 80, 85, 142, 146, 162, 165, 177, 179, 190, 192, 203, 217, 219, 230, 232, 298, 303, 315, 317, 328, 330  (duplicated)
153 -> 178
154 -> 34, 78, 80, 85, 142, 146, 162, 165, 177, 179, 190, 192, 203, 217, 219, 230, 232, 298, 303, 315, 317, 328, 330  (duplicated)
155 -> 180
156 -> 8, 36, 64, 87, 151, 167, 181, 194, 207, 221, 238, 260, 305, 319, 332  (duplicated)
157 -> 182
158 -> 183
159 -> 67, 136, 156, 173, 184, 197, 210, 224, 242, 279, 309, 322, 344, 346  (duplicated)
160 -> 12, 69, 158, 175, 186, 199, 212, 226, 244, 281, 311, 324  (duplicated)
161 -> 187
162 -> 188
163 -> 189
164 -> 34, 78, 80, 85, 142, 146, 162, 165, 177, 179, 190, 192, 203, 217, 219, 230, 232, 298, 303, 315, 317, 328, 330  (duplicated)
165 -> 191
166 -> 34, 78, 80, 85, 142, 146, 162, 165, 177, 179, 190, 192, 203, 217, 219, 230, 232, 298, 303, 315, 317, 328, 330  (duplicated)
167 -> 193
168 -> 8, 36, 64, 87, 151, 167, 181, 194, 207, 221, 238, 260, 305, 319, 332  (duplicated)
169 -> 195
170 -> 334
171 -> (deleted)
172 -> (deleted)
173 -> (deleted)
174 -> 108, 118, 135  (duplicated)
175 -> (deleted)
176 -> (deleted)
177 -> 343
178 -> 67, 136, 156, 173, 184, 197, 210, 224, 242, 279, 309, 322, 344, 346  (duplicated)
179 -> 12, 69, 158, 175, 186, 199, 212, 226, 244, 281, 311, 324  (duplicated)
180 -> 200
181 -> 201
182 -> 202
183 -> 34, 78, 80, 85, 142, 146, 162, 165, 177, 179, 190, 192, 203, 217, 219, 230, 232, 298, 303, 315, 317, 328, 330  (duplicated)
184 -> 204
185 -> 205, 236, 257  (duplicated)
186 -> 206
187 -> 8, 36, 64, 87, 151, 167, 181, 194, 207, 221, 238, 260, 305, 319, 332  (duplicated)
188 -> 208
189 -> 209
190 -> 67, 136, 156, 173, 184, 197, 210, 224, 242, 279, 309, 322, 344, 346  (duplicated)
191 -> 12, 69, 158, 175, 186, 199, 212, 226, 244, 281, 311, 324  (duplicated)
192 -> 213
193 -> 214
194 -> 215
195 -> 72, 216  (duplicated)
196 -> 34, 78, 80, 85, 142, 146, 162, 165, 177, 179, 190, 192, 203, 217, 219, 230, 232, 298, 303, 315, 317, 328, 330  (duplicated)
197 -> 218
198 -> 34, 78, 80, 85, 142, 146, 162, 165, 177, 179, 190, 192, 203, 217, 219, 230, 232, 298, 303, 315, 317, 328, 330  (duplicated)
199 -> 220
200 -> 8, 36, 64, 87, 151, 167, 181, 194, 207, 221, 238, 260, 305, 319, 332  (duplicated)
201 -> 222
202 -> (deleted)
203 -> 67, 136, 156, 173, 184, 197, 210, 224, 242, 279, 309, 322, 344, 346  (duplicated)
204 -> (deleted)
205 -> (deleted)
206 -> 67, 136, 156, 173, 184, 197, 210, 224, 242, 279, 309, 322, 344, 346  (duplicated)
207 -> 12, 69, 158, 175, 186, 199, 212, 226, 244, 281, 311, 324  (duplicated)
208 -> 227
209 -> 228
210 -> 229
211 -> 34, 78, 80, 85, 142, 146, 162, 165, 177, 179, 190, 192, 203, 217, 219, 230, 232, 298, 303, 315, 317, 328, 330  (duplicated)
212 -> 231
213 -> 34, 78, 80, 85, 142, 146, 162, 165, 177, 179, 190, 192, 203, 217, 219, 230, 232, 298, 303, 315, 317, 328, 330  (duplicated)
214 -> 81, 147, 233, 300  (duplicated)
215 -> 149, 234  (duplicated)
216 -> 30, 84, 150, 235, 302  (duplicated)
217 -> 205, 236, 257  (duplicated)
218 -> 237
219 -> 8, 36, 64, 87, 151, 167, 181, 194, 207, 221, 238, 260, 305, 319, 332  (duplicated)
220 -> 239
221 -> 240
222 -> 241
223 -> 67, 136, 156, 173, 184, 197, 210, 224, 242, 279, 309, 322, 344, 346  (duplicated)
224 -> 12, 69, 158, 175, 186, 199, 212, 226, 244, 281, 311, 324  (duplicated)
225 -> 282
226 -> 15, 73, 246, 252, 283, 293  (duplicated)
227 -> 284
228 -> 285
229 -> 286
230 -> 287
231 -> 288
232 -> 289
233 -> 290
234 -> 291
235 -> 77, 251, 256, 292, 297  (duplicated)
236 -> 15, 73, 246, 252, 283, 293  (duplicated)
237 -> 294
238 -> 295
239 -> 296
240 -> 77, 251, 256, 292, 297  (duplicated)
241 -> 34, 78, 80, 85, 142, 146, 162, 165, 177, 179, 190, 192, 203, 217, 219, 230, 232, 298, 303, 315, 317, 328, 330  (duplicated)
242 -> 299
243 -> 81, 147, 233, 300  (duplicated)
244 -> 148, 301  (duplicated)
245 -> 30, 84, 150, 235, 302  (duplicated)
246 -> 34, 78, 80, 85, 142, 146, 162, 165, 177, 179, 190, 192, 203, 217, 219, 230, 232, 298, 303, 315, 317, 328, 330  (duplicated)
247 -> 304
248 -> 8, 36, 64, 87, 151, 167, 181, 194, 207, 221, 238, 260, 305, 319, 332  (duplicated)
249 -> 306
250 -> 307
251 -> (deleted)
252 -> (deleted)
253 -> (deleted)
254 -> (deleted)
255 -> (deleted)
256 -> (deleted)
257 -> 108, 118, 135  (duplicated)
258 -> 67, 136, 156, 173, 184, 197, 210, 224, 242, 279, 309, 322, 344, 346  (duplicated)
259 -> 12, 69, 158, 175, 186, 199, 212, 226, 244, 281, 311, 324  (duplicated)
260 -> 245
261 -> 15, 73, 246, 252, 283, 293  (duplicated)
262 -> 247
263 -> 248
264 -> 249
265 -> 250
266 -> 77, 251, 256, 292, 297  (duplicated)
267 -> 15, 73, 246, 252, 283, 293  (duplicated)
268 -> 253
269 -> 254
270 -> 255
271 -> 77, 251, 256, 292, 297  (duplicated)
272 -> 205, 236, 257  (duplicated)
273 -> 258
274 -> 259
275 -> 8, 36, 64, 87, 151, 167, 181, 194, 207, 221, 238, 260, 305, 319, 332  (duplicated)
276 -> 261
277 -> 67, 136, 156, 173, 184, 197, 210, 224, 242, 279, 309, 322, 344, 346  (duplicated)
278 -> 12, 69, 158, 175, 186, 199, 212, 226, 244, 281, 311, 324  (duplicated)
279 -> 312
280 -> 313
281 -> 314
282 -> 34, 78, 80, 85, 142, 146, 162, 165, 177, 179, 190, 192, 203, 217, 219, 230, 232, 298, 303, 315, 317, 328, 330  (duplicated)
283 -> 316
284 -> 34, 78, 80, 85, 142, 146, 162, 165, 177, 179, 190, 192, 203, 217, 219, 230, 232, 298, 303, 315, 317, 328, 330  (duplicated)
285 -> 318
286 -> 8, 36, 64, 87, 151, 167, 181, 194, 207, 221, 238, 260, 305, 319, 332  (duplicated)
287 -> 320
288 -> (deleted)
289 -> 67, 136, 156, 173, 184, 197, 210, 224, 242, 279, 309, 322, 344, 346  (duplicated)
290 -> 12, 69, 158, 175, 186, 199, 212, 226, 244, 281, 311, 324  (duplicated)
291 -> 325
292 -> 326
293 -> 327
294 -> 34, 78, 80, 85, 142, 146, 162, 165, 177, 179, 190, 192, 203, 217, 219, 230, 232, 298, 303, 315, 317, 328, 330  (duplicated)
295 -> 329
296 -> 34, 78, 80, 85, 142, 146, 162, 165, 177, 179, 190, 192, 203, 217, 219, 230, 232, 298, 303, 315, 317, 328, 330  (duplicated)
297 -> 331
298 -> 8, 36, 64, 87, 151, 167, 181, 194, 207, 221, 238, 260, 305, 319, 332  (duplicated)
299 -> 333
300 -> (deleted)
301 -> 67, 136, 156, 173, 184, 197, 210, 224, 242, 279, 309, 322, 344, 346  (duplicated)
302 -> 67, 136, 156, 173, 184, 197, 210, 224, 242, 279, 309, 322, 344, 346  (duplicated)