1 -> 1
2 -> 2, 7, 8, 14, 21, 26, 34, 42, 45, 48, 49, 50, 175, 404  (duplicated)
3 -> 3
4 -> 4
5 -> 5
6 -> 6
7 -> 2, 7, 8, 14, 21, 26, 34, 42, 45, 48, 49, 50, 175, 404  (duplicated)
8 -> 2, 7, 8, 14, 21, 26, 34, 42, 45, 48, 49, 50, 175, 404  (duplicated)
9 -> 11
10 -> 12
11 -> 2, 7, 8, 14, 21, 26, 34, 42, 45, 48, 49, 50, 175, 404  (duplicated)
12 -> 13
13 -> 15
14 -> 16
15 -> 17
16 -> 18
17 -> 19
18 -> 2, 7, 8, 14, 21, 26, 34, 42, 45, 48, 49, 50, 175, 404  (duplicated)
19 -> (deleted)
20 -> 22
21 -> (deleted)
22 -> 23
23 -> (deleted)
24 -> 24
25 -> 25
26 -> (deleted)
27 -> 2, 7, 8, 14, 21, 26, 34, 42, 45, 48, 49, 50, 175, 404  (duplicated)
28 -> 27
29 -> 28
30 -> 29
31 -> 30
32 -> 31
33 -> 32
34 -> 33
35 -> 2, 7, 8, 14, 21, 26, 34, 42, 45, 48, 49, 50, 175, 404  (duplicated)
36 -> (deleted)
37 -> 35
38 -> (deleted)
39 -> 37
40 -> 38
41 -> 40
42 -> 41
43 -> 2, 7, 8, 14, 21, 26, 34, 42, 45, 48, 49, 50, 175, 404  (duplicated)
44 -> 43
45 -> 44
46 -> 2, 7, 8, 14, 21, 26, 34, 42, 45, 48, 49, 50, 175, 404  (duplicated)
47 -> 46
48 -> 47
49 -> 2, 7, 8, 14, 21, 26, 34, 42, 45, 48, 49, 50, 175, 404  (duplicated)
50 -> 2, 7, 8, 14, 21, 26, 34, 42, 45, 48, 49, 50, 175, 404  (duplicated)
51 -> 2, 7, 8, 14, 21, 26, 34, 42, 45, 48, 49, 50, 175, 404  (duplicated)
52 -> 51
53 -> 141, 148, 150, 156, 163, 215, 228, 296, 329, 353, 367, 374, 381, 395  (duplicated)
54 -> 53, 62, 79, 93  (duplicated)
55 -> (deleted)
56 -> (deleted)
57 -> (deleted)
58 -> (deleted)
59 -> 55, 64, 81, 95  (duplicated)
60 -> (deleted)
61 -> 66, 68, 73, 83, 87, 109, 183, 237, 280, 303, 345, 348  (duplicated)
62 -> (deleted)
63 -> (deleted)
64 -> 66, 68, 73, 83, 87, 109, 183, 237, 280, 303, 345, 348  (duplicated)
65 -> (deleted)
66 -> (deleted)
67 -> (deleted)
68 -> (deleted)
69 -> 192, 251, 308  (duplicated)
70 -> (deleted)
71 -> 321
72 -> (deleted)
73 -> 136, 196, 257, 275, 323  (duplicated)
74 -> 59, 72, 76, 86, 90, 108, 116, 138, 210, 279, 324, 417  (duplicated)
75 -> 66, 68, 73, 83, 87, 109, 183, 237, 280, 303, 345, 348  (duplicated)
76 -> (deleted)
77 -> (deleted)
78 -> (deleted)
79 -> (deleted)
80 -> (deleted)
81 -> (deleted)
82 -> (deleted)
83 -> 59, 72, 76, 86, 90, 108, 116, 138, 210, 279, 324, 417  (duplicated)
84 -> 66, 68, 73, 83, 87, 109, 183, 237, 280, 303, 345, 348  (duplicated)
85 -> (deleted)
86 -> (deleted)
87 -> (deleted)
88 -> (deleted)
89 -> (deleted)
90 -> (deleted)
91 -> (deleted)
92 -> 59, 72, 76, 86, 90, 108, 116, 138, 210, 279, 324, 417  (duplicated)
93 -> 97, 124, 132  (duplicated)
94 -> (deleted)
95 -> (deleted)
96 -> (deleted)
97 -> (deleted)
98 -> (deleted)
99 -> (deleted)
100 -> (deleted)
101 -> 59, 72, 76, 86, 90, 108, 116, 138, 210, 279, 324, 417  (duplicated)
102 -> 66, 68, 73, 83, 87, 109, 183, 237, 280, 303, 345, 348  (duplicated)
103 -> (deleted)
104 -> (deleted)
105 -> (deleted)
106 -> (deleted)
107 -> 59, 72, 76, 86, 90, 108, 116, 138, 210, 279, 324, 417  (duplicated)
108 -> 66, 68, 73, 83, 87, 109, 183, 237, 280, 303, 345, 348  (duplicated)
109 -> (deleted)
110 -> (deleted)
111 -> (deleted)
112 -> (deleted)
113 -> (deleted)
114 -> 192, 251, 308  (duplicated)
115 -> (deleted)
116 -> (deleted)
117 -> (deleted)
118 -> (deleted)
119 -> 255
120 -> (deleted)
121 -> 136, 196, 257, 275, 323  (duplicated)
122 -> (deleted)
123 -> 60, 77, 91, 139  (duplicated)
124 -> 52, 61, 78, 92, 140, 149, 180, 220, 225, 285, 292, 340, 343, 386, 392  (duplicated)
125 -> 52, 61, 78, 92, 140, 149, 180, 220, 225, 285, 292, 340, 343, 386, 392  (duplicated)
126 -> 56
127 -> 57
128 -> 58
129 -> 59, 72, 76, 86, 90, 108, 116, 138, 210, 279, 324, 417  (duplicated)
130 -> 60, 77, 91, 139  (duplicated)
131 -> 52, 61, 78, 92, 140, 149, 180, 220, 225, 285, 292, 340, 343, 386, 392  (duplicated)
132 -> 53, 62, 79, 93  (duplicated)
133 -> 63
134 -> 55, 64, 81, 95  (duplicated)
135 -> 65
136 -> 66, 68, 73, 83, 87, 109, 183, 237, 280, 303, 345, 348  (duplicated)
137 -> 67
138 -> (deleted)
139 -> 66, 68, 73, 83, 87, 109, 183, 237, 280, 303, 345, 348  (duplicated)
140 -> (deleted)
141 -> 70
142 -> 71
143 -> (deleted)
144 -> 59, 72, 76, 86, 90, 108, 116, 138, 210, 279, 324, 417  (duplicated)
145 -> 66, 68, 73, 83, 87, 109, 183, 237, 280, 303, 345, 348  (duplicated)
146 -> 74
147 -> 75
148 -> 59, 72, 76, 86, 90, 108, 116, 138, 210, 279, 324, 417  (duplicated)
149 -> 60, 77, 91, 139  (duplicated)
150 -> 52, 61, 78, 92, 140, 149, 180, 220, 225, 285, 292, 340, 343, 386, 392  (duplicated)
151 -> 82
152 -> 66, 68, 73, 83, 87, 109, 183, 237, 280, 303, 345, 348  (duplicated)
153 -> 84
154 -> 85
155 -> 59, 72, 76, 86, 90, 108, 116, 138, 210, 279, 324, 417  (duplicated)
156 -> 66, 68, 73, 83, 87, 109, 183, 237, 280, 303, 345, 348  (duplicated)
157 -> 88
158 -> 89
159 -> 59, 72, 76, 86, 90, 108, 116, 138, 210, 279, 324, 417  (duplicated)
160 -> 60, 77, 91, 139  (duplicated)
161 -> 52, 61, 78, 92, 140, 149, 180, 220, 225, 285, 292, 340, 343, 386, 392  (duplicated)
162 -> 52, 61, 78, 92, 140, 149, 180, 220, 225, 285, 292, 340, 343, 386, 392  (duplicated)
163 -> 146
164 -> 147
165 -> 141, 148, 150, 156, 163, 215, 228, 296, 329, 353, 367, 374, 381, 395  (duplicated)
166 -> 141, 148, 150, 156, 163, 215, 228, 296, 329, 353, 367, 374, 381, 395  (duplicated)
167 -> 151, 157, 164, 176, 216, 229, 286, 297, 330, 354, 368, 375, 382, 396, 405  (duplicated)
168 -> 152
169 -> 153, 159, 168, 178, 218, 231, 288, 299, 338, 359, 370, 377, 384, 398, 409  (duplicated)
170 -> 154
171 -> 155, 162, 214, 227, 284, 295, 328, 352, 366, 373, 380, 394, 403  (duplicated)
172 -> 141, 148, 150, 156, 163, 215, 228, 296, 329, 353, 367, 374, 381, 395  (duplicated)
173 -> 151, 157, 164, 176, 216, 229, 286, 297, 330, 354, 368, 375, 382, 396, 405  (duplicated)
174 -> 158
175 -> 153, 159, 168, 178, 218, 231, 288, 299, 338, 359, 370, 377, 384, 398, 409  (duplicated)
176 -> 160
177 -> 161
178 -> 155, 162, 214, 227, 284, 295, 328, 352, 366, 373, 380, 394, 403  (duplicated)
179 -> 141, 148, 150, 156, 163, 215, 228, 296, 329, 353, 367, 374, 381, 395  (duplicated)
180 -> 169
181 -> 170
182 -> 171
183 -> 172
184 -> 173, 365, 393  (duplicated)
185 -> 174, 420  (duplicated)
186 -> 2, 7, 8, 14, 21, 26, 34, 42, 45, 48, 49, 50, 175, 404  (duplicated)
187 -> 151, 157, 164, 176, 216, 229, 286, 297, 330, 354, 368, 375, 382, 396, 405  (duplicated)
188 -> 177
189 -> 153, 159, 168, 178, 218, 231, 288, 299, 338, 359, 370, 377, 384, 398, 409  (duplicated)
190 -> 179
191 -> 52, 61, 78, 92, 140, 149, 180, 220, 225, 285, 292, 340, 343, 386, 392  (duplicated)
192 -> 181, 290  (duplicated)
193 -> 182, 212  (duplicated)
194 -> 66, 68, 73, 83, 87, 109, 183, 237, 280, 303, 345, 348  (duplicated)
195 -> 184, 293  (duplicated)
196 -> 185
197 -> 186
198 -> 99, 101, 106, 187, 189, 191, 197, 203, 207, 233, 241, 244, 258, 261  (duplicated)
199 -> 188
200 -> (deleted)
201 -> (deleted)
202 -> (deleted)
203 -> 59, 72, 76, 86, 90, 108, 116, 138, 210, 279, 324, 417  (duplicated)
204 -> 66, 68, 73, 83, 87, 109, 183, 237, 280, 303, 345, 348  (duplicated)
205 -> (deleted)
206 -> (deleted)
207 -> (deleted)
208 -> (deleted)
209 -> (deleted)
210 -> (deleted)
211 -> (deleted)
212 -> 66, 68, 73, 83, 87, 109, 183, 237, 280, 303, 345, 348  (duplicated)
213 -> (deleted)
214 -> (deleted)
215 -> (deleted)
216 -> 66, 68, 73, 83, 87, 109, 183, 237, 280, 303, 345, 348  (duplicated)
217 -> 211
218 -> 182, 212  (duplicated)
219 -> 213, 224, 327, 351, 364, 391, 418  (duplicated)
220 -> 155, 162, 214, 227, 284, 295, 328, 352, 366, 373, 380, 394, 403  (duplicated)
221 -> 141, 148, 150, 156, 163, 215, 228, 296, 329, 353, 367, 374, 381, 395  (duplicated)
222 -> 151, 157, 164, 176, 216, 229, 286, 297, 330, 354, 368, 375, 382, 396, 405  (duplicated)
223 -> 217
224 -> 153, 159, 168, 178, 218, 231, 288, 299, 338, 359, 370, 377, 384, 398, 409  (duplicated)
225 -> 219
226 -> 52, 61, 78, 92, 140, 149, 180, 220, 225, 285, 292, 340, 343, 386, 392  (duplicated)
227 -> 221
228 -> 222
229 -> 66, 68, 73, 83, 87, 109, 183, 237, 280, 303, 345, 348  (duplicated)
230 -> (deleted)
231 -> (deleted)
232 -> 66, 68, 73, 83, 87, 109, 183, 237, 280, 303, 345, 348  (duplicated)
233 -> 223
234 -> 213, 224, 327, 351, 364, 391, 418  (duplicated)
235 -> 52, 61, 78, 92, 140, 149, 180, 220, 225, 285, 292, 340, 343, 386, 392  (duplicated)
236 -> 226
237 -> 155, 162, 214, 227, 284, 295, 328, 352, 366, 373, 380, 394, 403  (duplicated)
238 -> 141, 148, 150, 156, 163, 215, 228, 296, 329, 353, 367, 374, 381, 395  (duplicated)
239 -> 151, 157, 164, 176, 216, 229, 286, 297, 330, 354, 368, 375, 382, 396, 405  (duplicated)
240 -> (deleted)
241 -> 153, 159, 168, 178, 218, 231, 288, 299, 338, 359, 370, 377, 384, 398, 409  (duplicated)
242 -> (deleted)
243 -> 52, 61, 78, 92, 140, 149, 180, 220, 225, 285, 292, 340, 343, 386, 392  (duplicated)
244 -> 234, 304, 387  (duplicated)
245 -> 235, 305, 388  (duplicated)
246 -> 236, 306, 389  (duplicated)
247 -> (deleted)
248 -> (deleted)
249 -> 213, 224, 327, 351, 364, 391, 418  (duplicated)
250 -> 52, 61, 78, 92, 140, 149, 180, 220, 225, 285, 292, 340, 343, 386, 392  (duplicated)
251 -> (deleted)
252 -> 155, 162, 214, 227, 284, 295, 328, 352, 366, 373, 380, 394, 403  (duplicated)
253 -> 141, 148, 150, 156, 163, 215, 228, 296, 329, 353, 367, 374, 381, 395  (duplicated)
254 -> 151, 157, 164, 176, 216, 229, 286, 297, 330, 354, 368, 375, 382, 396, 405  (duplicated)
255 -> 230
256 -> 153, 159, 168, 178, 218, 231, 288, 299, 338, 359, 370, 377, 384, 398, 409  (duplicated)
257 -> 232
258 -> 99, 101, 106, 187, 189, 191, 197, 203, 207, 233, 241, 244, 258, 261  (duplicated)
259 -> 234, 304, 387  (duplicated)
260 -> 235, 305, 388  (duplicated)
261 -> 236, 306, 389  (duplicated)
262 -> 66, 68, 73, 83, 87, 109, 183, 237, 280, 303, 345, 348  (duplicated)
263 -> (deleted)
264 -> (deleted)
265 -> 66, 68, 73, 83, 87, 109, 183, 237, 280, 303, 345, 348  (duplicated)
266 -> (deleted)
267 -> (deleted)
268 -> 66, 68, 73, 83, 87, 109, 183, 237, 280, 303, 345, 348  (duplicated)
269 -> (deleted)
270 -> (deleted)
271 -> 66, 68, 73, 83, 87, 109, 183, 237, 280, 303, 345, 348  (duplicated)
272 -> (deleted)
273 -> (deleted)
274 -> 117
275 -> (deleted)
276 -> (deleted)
277 -> 99, 101, 106, 187, 189, 191, 197, 203, 207, 233, 241, 244, 258, 261  (duplicated)
278 -> (deleted)
279 -> (deleted)
280 -> 66, 68, 73, 83, 87, 109, 183, 237, 280, 303, 345, 348  (duplicated)
281 -> (deleted)
282 -> (deleted)
283 -> 66, 68, 73, 83, 87, 109, 183, 237, 280, 303, 345, 348  (duplicated)
284 -> (deleted)
285 -> (deleted)
286 -> 66, 68, 73, 83, 87, 109, 183, 237, 280, 303, 345, 348  (duplicated)
287 -> (deleted)
288 -> (deleted)
289 -> (deleted)
290 -> (deleted)
291 -> (deleted)
292 -> (deleted)
293 -> (deleted)
294 -> (deleted)
295 -> 135, 274  (duplicated)
296 -> 136, 196, 257, 275, 323  (duplicated)
297 -> 59, 72, 76, 86, 90, 108, 116, 138, 210, 279, 324, 417  (duplicated)
298 -> 97, 124, 132  (duplicated)
299 -> 281, 325  (duplicated)
300 -> 282
301 -> 283
302 -> 155, 162, 214, 227, 284, 295, 328, 352, 366, 373, 380, 394, 403  (duplicated)
303 -> 52, 61, 78, 92, 140, 149, 180, 220, 225, 285, 292, 340, 343, 386, 392  (duplicated)
304 -> 151, 157, 164, 176, 216, 229, 286, 297, 330, 354, 368, 375, 382, 396, 405  (duplicated)
305 -> 287
306 -> 153, 159, 168, 178, 218, 231, 288, 299, 338, 359, 370, 377, 384, 398, 409  (duplicated)
307 -> 289
308 -> 181, 290  (duplicated)
309 -> 291
310 -> 52, 61, 78, 92, 140, 149, 180, 220, 225, 285, 292, 340, 343, 386, 392  (duplicated)
311 -> 184, 293  (duplicated)
312 -> 294
313 -> 155, 162, 214, 227, 284, 295, 328, 352, 366, 373, 380, 394, 403  (duplicated)
314 -> 141, 148, 150, 156, 163, 215, 228, 296, 329, 353, 367, 374, 381, 395  (duplicated)
315 -> 151, 157, 164, 176, 216, 229, 286, 297, 330, 354, 368, 375, 382, 396, 405  (duplicated)
316 -> (deleted)
317 -> 153, 159, 168, 178, 218, 231, 288, 299, 338, 359, 370, 377, 384, 398, 409  (duplicated)
318 -> (deleted)
319 -> 52, 61, 78, 92, 140, 149, 180, 220, 225, 285, 292, 340, 343, 386, 392  (duplicated)
320 -> (deleted)
321 -> 52, 61, 78, 92, 140, 149, 180, 220, 225, 285, 292, 340, 343, 386, 392  (duplicated)
322 -> (deleted)
323 -> (deleted)
324 -> (deleted)
325 -> (deleted)
326 -> 52, 61, 78, 92, 140, 149, 180, 220, 225, 285, 292, 340, 343, 386, 392  (duplicated)
327 -> (deleted)
328 -> 155, 162, 214, 227, 284, 295, 328, 352, 366, 373, 380, 394, 403  (duplicated)
329 -> 141, 148, 150, 156, 163, 215, 228, 296, 329, 353, 367, 374, 381, 395  (duplicated)
330 -> 151, 157, 164, 176, 216, 229, 286, 297, 330, 354, 368, 375, 382, 396, 405  (duplicated)
331 -> 298
332 -> 153, 159, 168, 178, 218, 231, 288, 299, 338, 359, 370, 377, 384, 398, 409  (duplicated)
333 -> 300
334 -> 301
335 -> 302, 342  (duplicated)
336 -> 66, 68, 73, 83, 87, 109, 183, 237, 280, 303, 345, 348  (duplicated)
337 -> 234, 304, 387  (duplicated)
338 -> 235, 305, 388  (duplicated)
339 -> 236, 306, 389  (duplicated)
340 -> 307
341 -> 114, 120, 122, 247, 250, 264, 276, 309, 311, 313, 318, 320  (duplicated)
342 -> 242
343 -> 99, 101, 106, 187, 189, 191, 197, 203, 207, 233, 241, 244, 258, 261  (duplicated)
344 -> (deleted)
345 -> 99, 101, 106, 187, 189, 191, 197, 203, 207, 233, 241, 244, 258, 261  (duplicated)
346 -> (deleted)
347 -> (deleted)
348 -> (deleted)
349 -> (deleted)
350 -> 99, 101, 106, 187, 189, 191, 197, 203, 207, 233, 241, 244, 258, 261  (duplicated)
351 -> (deleted)
352 -> 114, 120, 122, 247, 250, 264, 276, 309, 311, 313, 318, 320  (duplicated)
353 -> 59, 72, 76, 86, 90, 108, 116, 138, 210, 279, 324, 417  (duplicated)
354 -> 281, 325  (duplicated)
355 -> 326
356 -> 213, 224, 327, 351, 364, 391, 418  (duplicated)
357 -> 155, 162, 214, 227, 284, 295, 328, 352, 366, 373, 380, 394, 403  (duplicated)
358 -> 141, 148, 150, 156, 163, 215, 228, 296, 329, 353, 367, 374, 381, 395  (duplicated)
359 -> 151, 157, 164, 176, 216, 229, 286, 297, 330, 354, 368, 375, 382, 396, 405  (duplicated)
360 -> 369
361 -> 153, 159, 168, 178, 218, 231, 288, 299, 338, 359, 370, 377, 384, 398, 409  (duplicated)
362 -> 371
363 -> 372
364 -> 155, 162, 214, 227, 284, 295, 328, 352, 366, 373, 380, 394, 403  (duplicated)
365 -> 141, 148, 150, 156, 163, 215, 228, 296, 329, 353, 367, 374, 381, 395  (duplicated)
366 -> 151, 157, 164, 176, 216, 229, 286, 297, 330, 354, 368, 375, 382, 396, 405  (duplicated)
367 -> 376
368 -> 153, 159, 168, 178, 218, 231, 288, 299, 338, 359, 370, 377, 384, 398, 409  (duplicated)
369 -> 378
370 -> 379
371 -> 155, 162, 214, 227, 284, 295, 328, 352, 366, 373, 380, 394, 403  (duplicated)
372 -> 141, 148, 150, 156, 163, 215, 228, 296, 329, 353, 367, 374, 381, 395  (duplicated)
373 -> 151, 157, 164, 176, 216, 229, 286, 297, 330, 354, 368, 375, 382, 396, 405  (duplicated)
374 -> 383
375 -> 153, 159, 168, 178, 218, 231, 288, 299, 338, 359, 370, 377, 384, 398, 409  (duplicated)
376 -> 385
377 -> 52, 61, 78, 92, 140, 149, 180, 220, 225, 285, 292, 340, 343, 386, 392  (duplicated)
378 -> 234, 304, 387  (duplicated)
379 -> 235, 305, 388  (duplicated)
380 -> 236, 306, 389  (duplicated)
381 -> 390
382 -> 213, 224, 327, 351, 364, 391, 418  (duplicated)
383 -> 52, 61, 78, 92, 140, 149, 180, 220, 225, 285, 292, 340, 343, 386, 392  (duplicated)
384 -> 173, 365, 393  (duplicated)
385 -> 155, 162, 214, 227, 284, 295, 328, 352, 366, 373, 380, 394, 403  (duplicated)
386 -> 141, 148, 150, 156, 163, 215, 228, 296, 329, 353, 367, 374, 381, 395  (duplicated)
387 -> 151, 157, 164, 176, 216, 229, 286, 297, 330, 354, 368, 375, 382, 396, 405  (duplicated)
388 -> 397
389 -> 153, 159, 168, 178, 218, 231, 288, 299, 338, 359, 370, 377, 384, 398, 409  (duplicated)
390 -> 399
391 -> 400
392 -> 401
393 -> 402
394 -> 155, 162, 214, 227, 284, 295, 328, 352, 366, 373, 380, 394, 403  (duplicated)
395 -> 2, 7, 8, 14, 21, 26, 34, 42, 45, 48, 49, 50, 175, 404  (duplicated)
396 -> 151, 157, 164, 176, 216, 229, 286, 297, 330, 354, 368, 375, 382, 396, 405  (duplicated)
397 -> 406
398 -> 166, 333, 356, 407  (duplicated)
399 -> (deleted)
400 -> 153, 159, 168, 178, 218, 231, 288, 299, 338, 359, 370, 377, 384, 398, 409  (duplicated)
401 -> 410
402 -> 411
403 -> 412
404 -> 413
405 -> 414
406 -> 415
407 -> 416
408 -> 59, 72, 76, 86, 90, 108, 116, 138, 210, 279, 324, 417  (duplicated)
409 -> 213, 224, 327, 351, 364, 391, 418  (duplicated)
410 -> 419
411 -> 174, 420  (duplicated)
412 -> 421