1 -> 1
2 -> 2
3 -> 3
4 -> 4
5 -> 5
6 -> 6, 7, 9, 11, 15, 17, 26, 34, 44, 45, 51  (duplicated)
7 -> 6, 7, 9, 11, 15, 17, 26, 34, 44, 45, 51  (duplicated)
8 -> 12
9 -> 13
10 -> 14
11 -> 6, 7, 9, 11, 15, 17, 26, 34, 44, 45, 51  (duplicated)
12 -> 10
13 -> 6, 7, 9, 11, 15, 17, 26, 34, 44, 45, 51  (duplicated)
14 -> 16
15 -> 6, 7, 9, 11, 15, 17, 26, 34, 44, 45, 51  (duplicated)
16 -> 18
17 -> 19, 29, 37, 40, 47  (duplicated)
18 -> 20
19 -> 21
20 -> 22
21 -> 23
22 -> 24
23 -> 25, 59  (duplicated)
24 -> 6, 7, 9, 11, 15, 17, 26, 34, 44, 45, 51  (duplicated)
25 -> 27
26 -> 28
27 -> 19, 29, 37, 40, 47  (duplicated)
28 -> 30
29 -> 31
30 -> 32
31 -> 33
32 -> 6, 7, 9, 11, 15, 17, 26, 34, 44, 45, 51  (duplicated)
33 -> 35
34 -> 36
35 -> 19, 29, 37, 40, 47  (duplicated)
36 -> 38
37 -> 39
38 -> 19, 29, 37, 40, 47  (duplicated)
39 -> 41
40 -> (deleted)
41 -> (deleted)
42 -> 19, 29, 37, 40, 47  (duplicated)
43 -> (deleted)
44 -> (deleted)
45 -> 19, 29, 37, 40, 47  (duplicated)
46 -> 48
47 -> (deleted)
48 -> (deleted)
49 -> 6, 7, 9, 11, 15, 17, 26, 34, 44, 45, 51  (duplicated)
50 -> 52
51 -> (deleted)
52 -> (deleted)
53 -> (deleted)
54 -> 19, 29, 37, 40, 47  (duplicated)
55 -> 57
56 -> 58
57 -> 25, 59  (duplicated)
58 -> 60