1 -> 1
2 -> 2
3 -> 3
4 -> 4
5 -> 5
6 -> 6
7 -> 7
8 -> 8
9 -> 9
10 -> 10
11 -> 11
12 -> 12, 18, 23, 29, 36, 49, 54, 60, 66, 75, 83, 101, 109, 133, 139, 160, 162, 178, 180, 184  (duplicated)
13 -> 13
14 -> 14
15 -> 15
16 -> 16
17 -> 17
18 -> 12, 18, 23, 29, 36, 49, 54, 60, 66, 75, 83, 101, 109, 133, 139, 160, 162, 178, 180, 184  (duplicated)
19 -> 19
20 -> 20
21 -> 21
22 -> 22
23 -> 12, 18, 23, 29, 36, 49, 54, 60, 66, 75, 83, 101, 109, 133, 139, 160, 162, 178, 180, 184  (duplicated)
24 -> (deleted)
25 -> 12, 18, 23, 29, 36, 49, 54, 60, 66, 75, 83, 101, 109, 133, 139, 160, 162, 178, 180, 184  (duplicated)
26 -> 24
27 -> 25
28 -> 26
29 -> 27
30 -> 28, 48, 59, 74, 100, 132, 159, 177, 192  (duplicated)
31 -> 12, 18, 23, 29, 36, 49, 54, 60, 66, 75, 83, 101, 109, 133, 139, 160, 162, 178, 180, 184  (duplicated)
32 -> 30
33 -> 31, 51, 62, 80, 103, 135  (duplicated)
34 -> 32, 52  (duplicated)
35 -> 33
36 -> 34, 64  (duplicated)
37 -> 35
38 -> 12, 18, 23, 29, 36, 49, 54, 60, 66, 75, 83, 101, 109, 133, 139, 160, 162, 178, 180, 184  (duplicated)
39 -> 37
40 -> 38
41 -> 39, 91, 117  (duplicated)
42 -> 40
43 -> 41
44 -> 42
45 -> 43
46 -> 44
47 -> 45
48 -> 46
49 -> 47, 73, 98, 130, 151, 171, 175, 190  (duplicated)
50 -> 28, 48, 59, 74, 100, 132, 159, 177, 192  (duplicated)
51 -> 12, 18, 23, 29, 36, 49, 54, 60, 66, 75, 83, 101, 109, 133, 139, 160, 162, 178, 180, 184  (duplicated)
52 -> 50
53 -> 31, 51, 62, 80, 103, 135  (duplicated)
54 -> 32, 52  (duplicated)
55 -> 53
56 -> 12, 18, 23, 29, 36, 49, 54, 60, 66, 75, 83, 101, 109, 133, 139, 160, 162, 178, 180, 184  (duplicated)
57 -> 55
58 -> 56
59 -> 57
60 -> 58
61 -> 28, 48, 59, 74, 100, 132, 159, 177, 192  (duplicated)
62 -> 12, 18, 23, 29, 36, 49, 54, 60, 66, 75, 83, 101, 109, 133, 139, 160, 162, 178, 180, 184  (duplicated)
63 -> 61
64 -> 31, 51, 62, 80, 103, 135  (duplicated)
65 -> 63, 81, 104, 136  (duplicated)
66 -> 34, 64  (duplicated)
67 -> 65, 82, 108, 138  (duplicated)
68 -> 12, 18, 23, 29, 36, 49, 54, 60, 66, 75, 83, 101, 109, 133, 139, 160, 162, 178, 180, 184  (duplicated)
69 -> 67, 85, 110, 140  (duplicated)
70 -> 68, 86, 111, 141  (duplicated)
71 -> 69
72 -> (deleted)
73 -> 71, 89, 144  (duplicated)
74 -> 72
75 -> 47, 73, 98, 130, 151, 171, 175, 190  (duplicated)
76 -> 28, 48, 59, 74, 100, 132, 159, 177, 192  (duplicated)
77 -> 12, 18, 23, 29, 36, 49, 54, 60, 66, 75, 83, 101, 109, 133, 139, 160, 162, 178, 180, 184  (duplicated)
78 -> 76
79 -> 77
80 -> 78
81 -> 79
82 -> 31, 51, 62, 80, 103, 135  (duplicated)
83 -> 63, 81, 104, 136  (duplicated)
84 -> 65, 82, 108, 138  (duplicated)
85 -> 12, 18, 23, 29, 36, 49, 54, 60, 66, 75, 83, 101, 109, 133, 139, 160, 162, 178, 180, 184  (duplicated)
86 -> 84
87 -> 67, 85, 110, 140  (duplicated)
88 -> 68, 86, 111, 141  (duplicated)
89 -> (deleted)
90 -> 88
91 -> 71, 89, 144  (duplicated)
92 -> 90, 119  (duplicated)
93 -> 39, 91, 117  (duplicated)
94 -> (deleted)
95 -> (deleted)
96 -> 94
97 -> 95, 123, 148, 168  (duplicated)
98 -> 96
99 -> 97, 125, 150, 170  (duplicated)
100 -> 47, 73, 98, 130, 151, 171, 175, 190  (duplicated)
101 -> 99
102 -> 28, 48, 59, 74, 100, 132, 159, 177, 192  (duplicated)
103 -> 12, 18, 23, 29, 36, 49, 54, 60, 66, 75, 83, 101, 109, 133, 139, 160, 162, 178, 180, 184  (duplicated)
104 -> 102
105 -> 31, 51, 62, 80, 103, 135  (duplicated)
106 -> 63, 81, 104, 136  (duplicated)
107 -> 105
108 -> 106
109 -> 107
110 -> 65, 82, 108, 138  (duplicated)
111 -> 12, 18, 23, 29, 36, 49, 54, 60, 66, 75, 83, 101, 109, 133, 139, 160, 162, 178, 180, 184  (duplicated)
112 -> 67, 85, 110, 140  (duplicated)
113 -> 68, 86, 111, 141  (duplicated)
114 -> 112, 142  (duplicated)
115 -> (deleted)
116 -> 114
117 -> 115
118 -> 116
119 -> 39, 91, 117  (duplicated)
120 -> 118
121 -> 90, 119  (duplicated)
122 -> 120
123 -> 121
124 -> 122
125 -> 95, 123, 148, 168  (duplicated)
126 -> 124
127 -> 97, 125, 150, 170  (duplicated)
128 -> 126
129 -> 127
130 -> 128
131 -> 129
132 -> 47, 73, 98, 130, 151, 171, 175, 190  (duplicated)
133 -> (deleted)
134 -> 28, 48, 59, 74, 100, 132, 159, 177, 192  (duplicated)
135 -> 12, 18, 23, 29, 36, 49, 54, 60, 66, 75, 83, 101, 109, 133, 139, 160, 162, 178, 180, 184  (duplicated)
136 -> 134
137 -> 31, 51, 62, 80, 103, 135  (duplicated)
138 -> 63, 81, 104, 136  (duplicated)
139 -> 137
140 -> 65, 82, 108, 138  (duplicated)
141 -> 12, 18, 23, 29, 36, 49, 54, 60, 66, 75, 83, 101, 109, 133, 139, 160, 162, 178, 180, 184  (duplicated)
142 -> 67, 85, 110, 140  (duplicated)
143 -> 68, 86, 111, 141  (duplicated)
144 -> 112, 142  (duplicated)
145 -> (deleted)
146 -> 71, 89, 144  (duplicated)
147 -> (deleted)
148 -> (deleted)
149 -> 147
150 -> 95, 123, 148, 168  (duplicated)
151 -> 149
152 -> 97, 125, 150, 170  (duplicated)
153 -> 47, 73, 98, 130, 151, 171, 175, 190  (duplicated)
154 -> 152
155 -> 153
156 -> 154
157 -> (deleted)
158 -> 156
159 -> 157
160 -> (deleted)
161 -> 28, 48, 59, 74, 100, 132, 159, 177, 192  (duplicated)
162 -> 12, 18, 23, 29, 36, 49, 54, 60, 66, 75, 83, 101, 109, 133, 139, 160, 162, 178, 180, 184  (duplicated)
163 -> 161
164 -> 12, 18, 23, 29, 36, 49, 54, 60, 66, 75, 83, 101, 109, 133, 139, 160, 162, 178, 180, 184  (duplicated)
165 -> 163
166 -> (deleted)
167 -> (deleted)
168 -> (deleted)
169 -> (deleted)
170 -> (deleted)
171 -> (deleted)
172 -> 47, 73, 98, 130, 151, 171, 175, 190  (duplicated)
173 -> (deleted)
174 -> (deleted)
175 -> (deleted)
176 -> (deleted)
177 -> (deleted)
178 -> 28, 48, 59, 74, 100, 132, 159, 177, 192  (duplicated)
179 -> 12, 18, 23, 29, 36, 49, 54, 60, 66, 75, 83, 101, 109, 133, 139, 160, 162, 178, 180, 184  (duplicated)
180 -> 179
181 -> 12, 18, 23, 29, 36, 49, 54, 60, 66, 75, 83, 101, 109, 133, 139, 160, 162, 178, 180, 184  (duplicated)
182 -> 181
183 -> 182
184 -> 183
185 -> 12, 18, 23, 29, 36, 49, 54, 60, 66, 75, 83, 101, 109, 133, 139, 160, 162, 178, 180, 184  (duplicated)
186 -> 185
187 -> 186
188 -> 187
189 -> 188
190 -> 189
191 -> 47, 73, 98, 130, 151, 171, 175, 190  (duplicated)
192 -> 191
193 -> 28, 48, 59, 74, 100, 132, 159, 177, 192  (duplicated)
194 -> 193