1 -> 1
2 -> 2, 7, 12, 21, 51, 85, 111, 121, 132, 156, 166, 186, 192, 214, 225, 236  (duplicated)
3 -> 3
4 -> 4
5 -> 5
6 -> 6, 20, 47, 81, 117, 128, 144, 221, 232  (duplicated)
7 -> 2, 7, 12, 21, 51, 85, 111, 121, 132, 156, 166, 186, 192, 214, 225, 236  (duplicated)
8 -> 8
9 -> 9
10 -> 10
11 -> 11
12 -> 2, 7, 12, 21, 51, 85, 111, 121, 132, 156, 166, 186, 192, 214, 225, 236  (duplicated)
13 -> 13, 26, 52, 112, 122, 133, 215, 226  (duplicated)
14 -> 14
15 -> 15
16 -> 16, 29, 55  (duplicated)
17 -> 17
18 -> 18
19 -> 19, 36, 63, 70  (duplicated)
20 -> 6, 20, 47, 81, 117, 128, 144, 221, 232  (duplicated)
21 -> 2, 7, 12, 21, 51, 85, 111, 121, 132, 156, 166, 186, 192, 214, 225, 236  (duplicated)
22 -> 22
23 -> 23
24 -> 24
25 -> 25, 147, 150, 152, 170, 189, 199, 202, 210  (duplicated)
26 -> 13, 26, 52, 112, 122, 133, 215, 226  (duplicated)
27 -> 27
28 -> 28
29 -> 16, 29, 55  (duplicated)
30 -> 30, 64  (duplicated)
31 -> 31, 65  (duplicated)
32 -> 32, 66  (duplicated)
33 -> 33, 67  (duplicated)
34 -> 34, 68  (duplicated)
35 -> 35, 69  (duplicated)
36 -> 19, 36, 63, 70  (duplicated)
37 -> 37, 39, 71, 73, 115, 126, 136, 139, 219, 230  (duplicated)
38 -> 38, 72  (duplicated)
39 -> 37, 39, 71, 73, 115, 126, 136, 139, 219, 230  (duplicated)
40 -> 40, 74  (duplicated)
41 -> 41, 75  (duplicated)
42 -> 42, 46, 76, 80, 143  (duplicated)
43 -> 43, 77, 140  (duplicated)
44 -> 44, 78  (duplicated)
45 -> 45, 79  (duplicated)
46 -> 42, 46, 76, 80, 143  (duplicated)
47 -> 6, 20, 47, 81, 117, 128, 144, 221, 232  (duplicated)
48 -> 48
49 -> 49
50 -> 50, 84, 110, 120, 131, 213, 224, 235, 237  (duplicated)
51 -> 2, 7, 12, 21, 51, 85, 111, 121, 132, 156, 166, 186, 192, 214, 225, 236  (duplicated)
52 -> 13, 26, 52, 112, 122, 133, 215, 226  (duplicated)
53 -> 53
54 -> 54
55 -> 16, 29, 55  (duplicated)
56 -> 56
57 -> 57
58 -> 58
59 -> 59
60 -> 60
61 -> 61
62 -> 62
63 -> 19, 36, 63, 70  (duplicated)
64 -> 30, 64  (duplicated)
65 -> 31, 65  (duplicated)
66 -> 32, 66  (duplicated)
67 -> 33, 67  (duplicated)
68 -> 34, 68  (duplicated)
69 -> 35, 69  (duplicated)
70 -> 19, 36, 63, 70  (duplicated)
71 -> 37, 39, 71, 73, 115, 126, 136, 139, 219, 230  (duplicated)
72 -> 38, 72  (duplicated)
73 -> 37, 39, 71, 73, 115, 126, 136, 139, 219, 230  (duplicated)
74 -> 40, 74  (duplicated)
75 -> 41, 75  (duplicated)
76 -> 42, 46, 76, 80, 143  (duplicated)
77 -> 43, 77, 140  (duplicated)
78 -> 44, 78  (duplicated)
79 -> 45, 79  (duplicated)
80 -> 42, 46, 76, 80, 143  (duplicated)
81 -> 6, 20, 47, 81, 117, 128, 144, 221, 232  (duplicated)
82 -> 82
83 -> 83
84 -> 50, 84, 110, 120, 131, 213, 224, 235, 237  (duplicated)
85 -> 2, 7, 12, 21, 51, 85, 111, 121, 132, 156, 166, 186, 192, 214, 225, 236  (duplicated)
86 -> 86
87 -> 87
88 -> 88
89 -> 89
90 -> 90, 95  (duplicated)
91 -> (deleted)
92 -> 92
93 -> 93, 98  (duplicated)
94 -> 94
95 -> 90, 95  (duplicated)
96 -> (deleted)
97 -> 97
98 -> 93, 98  (duplicated)
99 -> 99, 107  (duplicated)
100 -> (deleted)
101 -> (deleted)
102 -> (deleted)
103 -> 102
104 -> (deleted)
105 -> (deleted)
106 -> (deleted)
107 -> (deleted)
108 -> 99, 107  (duplicated)
109 -> 108, 165, 185, 198  (duplicated)
110 -> 109
111 -> 50, 84, 110, 120, 131, 213, 224, 235, 237  (duplicated)
112 -> 2, 7, 12, 21, 51, 85, 111, 121, 132, 156, 166, 186, 192, 214, 225, 236  (duplicated)
113 -> 13, 26, 52, 112, 122, 133, 215, 226  (duplicated)
114 -> 113
115 -> 114
116 -> 37, 39, 71, 73, 115, 126, 136, 139, 219, 230  (duplicated)
117 -> 116
118 -> 6, 20, 47, 81, 117, 128, 144, 221, 232  (duplicated)
119 -> 118
120 -> 119
121 -> 50, 84, 110, 120, 131, 213, 224, 235, 237  (duplicated)
122 -> 2, 7, 12, 21, 51, 85, 111, 121, 132, 156, 166, 186, 192, 214, 225, 236  (duplicated)
123 -> 13, 26, 52, 112, 122, 133, 215, 226  (duplicated)
124 -> 123
125 -> 124, 228  (duplicated)
126 -> 125, 229  (duplicated)
127 -> 37, 39, 71, 73, 115, 126, 136, 139, 219, 230  (duplicated)
128 -> 127
129 -> 6, 20, 47, 81, 117, 128, 144, 221, 232  (duplicated)
130 -> 129
131 -> 130
132 -> 50, 84, 110, 120, 131, 213, 224, 235, 237  (duplicated)
133 -> 2, 7, 12, 21, 51, 85, 111, 121, 132, 156, 166, 186, 192, 214, 225, 236  (duplicated)
134 -> 13, 26, 52, 112, 122, 133, 215, 226  (duplicated)
135 -> 134
136 -> 135
137 -> 37, 39, 71, 73, 115, 126, 136, 139, 219, 230  (duplicated)
138 -> 137
139 -> 138
140 -> 37, 39, 71, 73, 115, 126, 136, 139, 219, 230  (duplicated)
141 -> 43, 77, 140  (duplicated)
142 -> 141
143 -> 142
144 -> 42, 46, 76, 80, 143  (duplicated)
145 -> 6, 20, 47, 81, 117, 128, 144, 221, 232  (duplicated)
146 -> 145
147 -> 25, 147, 150, 152, 170, 189, 199, 202, 210  (duplicated)
148 -> 148
149 -> 149
150 -> 25, 147, 150, 152, 170, 189, 199, 202, 210  (duplicated)
151 -> 151
152 -> 25, 147, 150, 152, 170, 189, 199, 202, 210  (duplicated)
153 -> 153
154 -> 154
155 -> 155
156 -> 2, 7, 12, 21, 51, 85, 111, 121, 132, 156, 166, 186, 192, 214, 225, 236  (duplicated)
157 -> 157
158 -> 158
159 -> 159
160 -> 160, 180  (duplicated)
161 -> (deleted)
162 -> (deleted)
163 -> (deleted)
164 -> 108, 165, 185, 198  (duplicated)
165 -> 2, 7, 12, 21, 51, 85, 111, 121, 132, 156, 166, 186, 192, 214, 225, 236  (duplicated)
166 -> 167
167 -> 168
168 -> 169
169 -> 25, 147, 150, 152, 170, 189, 199, 202, 210  (duplicated)
170 -> 171
171 -> 172
172 -> 173
173 -> 174
174 -> 175
175 -> 176
176 -> 177
177 -> 178
178 -> 179
179 -> (deleted)
180 -> 182
181 -> 102
182 -> (deleted)
183 -> (deleted)
184 -> (deleted)
185 -> (deleted)
186 -> 184
187 -> 108, 165, 185, 198  (duplicated)
188 -> 2, 7, 12, 21, 51, 85, 111, 121, 132, 156, 166, 186, 192, 214, 225, 236  (duplicated)
189 -> 187
190 -> 188
191 -> 25, 147, 150, 152, 170, 189, 199, 202, 210  (duplicated)
192 -> 190
193 -> 191
194 -> 2, 7, 12, 21, 51, 85, 111, 121, 132, 156, 166, 186, 192, 214, 225, 236  (duplicated)
195 -> 193
196 -> 194
197 -> 195
198 -> 196
199 -> 197
200 -> 108, 165, 185, 198  (duplicated)
201 -> 25, 147, 150, 152, 170, 189, 199, 202, 210  (duplicated)
202 -> 200
203 -> 201
204 -> 25, 147, 150, 152, 170, 189, 199, 202, 210  (duplicated)
205 -> 203
206 -> 204
207 -> 205
208 -> 206
209 -> 207
210 -> 208
211 -> 209
212 -> 25, 147, 150, 152, 170, 189, 199, 202, 210  (duplicated)
213 -> 211
214 -> 212
215 -> 50, 84, 110, 120, 131, 213, 224, 235, 237  (duplicated)
216 -> 2, 7, 12, 21, 51, 85, 111, 121, 132, 156, 166, 186, 192, 214, 225, 236  (duplicated)
217 -> 13, 26, 52, 112, 122, 133, 215, 226  (duplicated)
218 -> 216
219 -> 217
220 -> 218
221 -> 37, 39, 71, 73, 115, 126, 136, 139, 219, 230  (duplicated)
222 -> 220
223 -> 6, 20, 47, 81, 117, 128, 144, 221, 232  (duplicated)
224 -> 222
225 -> 223
226 -> 50, 84, 110, 120, 131, 213, 224, 235, 237  (duplicated)
227 -> 2, 7, 12, 21, 51, 85, 111, 121, 132, 156, 166, 186, 192, 214, 225, 236  (duplicated)
228 -> 13, 26, 52, 112, 122, 133, 215, 226  (duplicated)
229 -> 227
230 -> 124, 228  (duplicated)
231 -> 125, 229  (duplicated)
232 -> 37, 39, 71, 73, 115, 126, 136, 139, 219, 230  (duplicated)
233 -> 231
234 -> 6, 20, 47, 81, 117, 128, 144, 221, 232  (duplicated)
235 -> 233
236 -> 234
237 -> 50, 84, 110, 120, 131, 213, 224, 235, 237  (duplicated)
238 -> 2, 7, 12, 21, 51, 85, 111, 121, 132, 156, 166, 186, 192, 214, 225, 236  (duplicated)
239 -> 50, 84, 110, 120, 131, 213, 224, 235, 237  (duplicated)