1 -> 1
2 -> 2, 7, 13, 41, 73, 84, 116, 120, 143, 163, 180, 185, 222, 227, 262, 271, 292, 315, 330, 353, 371, 377, 403, 407, 411, 417, 444, 449, 454, 466, 491, 511, 529, 559, 584, 598, 602  (duplicated)
3 -> 3
4 -> 4
5 -> 5
6 -> 6, 36, 69, 108, 286, 308, 325, 346, 364, 394, 483, 524, 571  (duplicated)
7 -> 2, 7, 13, 41, 73, 84, 116, 120, 143, 163, 180, 185, 222, 227, 262, 271, 292, 315, 330, 353, 371, 377, 403, 407, 411, 417, 444, 449, 454, 466, 491, 511, 529, 559, 584, 598, 602  (duplicated)
8 -> 8
9 -> 9
10 -> 10
11 -> 11
12 -> 12
13 -> 2, 7, 13, 41, 73, 84, 116, 120, 143, 163, 180, 185, 222, 227, 262, 271, 292, 315, 330, 353, 371, 377, 403, 407, 411, 417, 444, 449, 454, 466, 491, 511, 529, 559, 584, 598, 602  (duplicated)
14 -> 14, 42, 85, 272, 293, 316, 331, 354, 378, 467, 512, 560  (duplicated)
15 -> 15
16 -> 16
17 -> 17
18 -> 18, 33, 45, 90, 296, 335  (duplicated)
19 -> 19
20 -> 20
21 -> 21
22 -> 22
23 -> 23, 26  (duplicated)
24 -> 24
25 -> 25
26 -> 23, 26  (duplicated)
27 -> 27
28 -> 28
29 -> 29
30 -> 30
31 -> 31
32 -> 32
33 -> 18, 33, 45, 90, 296, 335  (duplicated)
34 -> 34
35 -> 35, 53, 93, 300, 339  (duplicated)
36 -> 6, 36, 69, 108, 286, 308, 325, 346, 364, 394, 483, 524, 571  (duplicated)
37 -> 37
38 -> 38
39 -> 39
40 -> 40
41 -> 2, 7, 13, 41, 73, 84, 116, 120, 143, 163, 180, 185, 222, 227, 262, 271, 292, 315, 330, 353, 371, 377, 403, 407, 411, 417, 444, 449, 454, 466, 491, 511, 529, 559, 584, 598, 602  (duplicated)
42 -> 14, 42, 85, 272, 293, 316, 331, 354, 378, 467, 512, 560  (duplicated)
43 -> 43
44 -> 44
45 -> 18, 33, 45, 90, 296, 335  (duplicated)
46 -> 46
47 -> 47
48 -> 48
49 -> 49
50 -> 50
51 -> 51
52 -> 52
53 -> 35, 53, 93, 300, 339  (duplicated)
54 -> 54, 57, 65, 94, 96, 104, 275, 278, 301, 303, 318, 320, 341, 357, 359, 383, 386, 470, 472, 480, 517, 519, 564, 566  (duplicated)
55 -> 55
56 -> 56
57 -> 54, 57, 65, 94, 96, 104, 275, 278, 301, 303, 318, 320, 341, 357, 359, 383, 386, 470, 472, 480, 517, 519, 564, 566  (duplicated)
58 -> 58, 97, 279, 387, 473  (duplicated)
59 -> 59
60 -> 60, 64, 99, 103, 281, 285, 307, 324, 345, 363, 389, 393, 475, 479, 523, 570  (duplicated)
61 -> 61, 100, 282, 304, 321, 342, 360, 390, 476, 520, 567  (duplicated)
62 -> 62
63 -> 63
64 -> 60, 64, 99, 103, 281, 285, 307, 324, 345, 363, 389, 393, 475, 479, 523, 570  (duplicated)
65 -> 54, 57, 65, 94, 96, 104, 275, 278, 301, 303, 318, 320, 341, 357, 359, 383, 386, 470, 472, 480, 517, 519, 564, 566  (duplicated)
66 -> 66
67 -> 67
68 -> 68
69 -> 6, 36, 69, 108, 286, 308, 325, 346, 364, 394, 483, 524, 571  (duplicated)
70 -> 70
71 -> 71
72 -> 72, 83, 115, 119, 142, 162, 179, 184, 221, 226, 261, 270, 291, 314, 329, 352, 370, 376, 402, 406, 410, 416, 443, 448, 453, 465, 490, 510, 528, 558, 583, 597, 601, 603  (duplicated)
73 -> 2, 7, 13, 41, 73, 84, 116, 120, 143, 163, 180, 185, 222, 227, 262, 271, 292, 315, 330, 353, 371, 377, 403, 407, 411, 417, 444, 449, 454, 466, 491, 511, 529, 559, 584, 598, 602  (duplicated)
74 -> 74
75 -> 75
76 -> 76
77 -> 77
78 -> 78
79 -> 79
80 -> 80
81 -> 81
82 -> 82
83 -> 72, 83, 115, 119, 142, 162, 179, 184, 221, 226, 261, 270, 291, 314, 329, 352, 370, 376, 402, 406, 410, 416, 443, 448, 453, 465, 490, 510, 528, 558, 583, 597, 601, 603  (duplicated)
84 -> 2, 7, 13, 41, 73, 84, 116, 120, 143, 163, 180, 185, 222, 227, 262, 271, 292, 315, 330, 353, 371, 377, 403, 407, 411, 417, 444, 449, 454, 466, 491, 511, 529, 559, 584, 598, 602  (duplicated)
85 -> 14, 42, 85, 272, 293, 316, 331, 354, 378, 467, 512, 560  (duplicated)
86 -> 86
87 -> 87
88 -> 88
89 -> 89
90 -> 18, 33, 45, 90, 296, 335  (duplicated)
91 -> 91
92 -> 92
93 -> 35, 53, 93, 300, 339  (duplicated)
94 -> 54, 57, 65, 94, 96, 104, 275, 278, 301, 303, 318, 320, 341, 357, 359, 383, 386, 470, 472, 480, 517, 519, 564, 566  (duplicated)
95 -> 95
96 -> 54, 57, 65, 94, 96, 104, 275, 278, 301, 303, 318, 320, 341, 357, 359, 383, 386, 470, 472, 480, 517, 519, 564, 566  (duplicated)
97 -> 58, 97, 279, 387, 473  (duplicated)
98 -> 98, 474  (duplicated)
99 -> 60, 64, 99, 103, 281, 285, 307, 324, 345, 363, 389, 393, 475, 479, 523, 570  (duplicated)
100 -> 61, 100, 282, 304, 321, 342, 360, 390, 476, 520, 567  (duplicated)
101 -> 101, 283, 305, 322, 343, 361, 391, 477, 521, 568  (duplicated)
102 -> 102, 284, 306, 323, 344, 362, 392, 478, 522, 569  (duplicated)
103 -> 60, 64, 99, 103, 281, 285, 307, 324, 345, 363, 389, 393, 475, 479, 523, 570  (duplicated)
104 -> 54, 57, 65, 94, 96, 104, 275, 278, 301, 303, 318, 320, 341, 357, 359, 383, 386, 470, 472, 480, 517, 519, 564, 566  (duplicated)
105 -> 105, 481  (duplicated)
106 -> 106
107 -> 107
108 -> 6, 36, 69, 108, 286, 308, 325, 346, 364, 394, 483, 524, 571  (duplicated)
109 -> 109
110 -> 110, 122, 145, 264, 288, 310, 327, 348, 366, 396, 485, 526, 573  (duplicated)
111 -> 111, 486  (duplicated)
112 -> 112
113 -> 113
114 -> 114
115 -> 72, 83, 115, 119, 142, 162, 179, 184, 221, 226, 261, 270, 291, 314, 329, 352, 370, 376, 402, 406, 410, 416, 443, 448, 453, 465, 490, 510, 528, 558, 583, 597, 601, 603  (duplicated)
116 -> 2, 7, 13, 41, 73, 84, 116, 120, 143, 163, 180, 185, 222, 227, 262, 271, 292, 315, 330, 353, 371, 377, 403, 407, 411, 417, 444, 449, 454, 466, 491, 511, 529, 559, 584, 598, 602  (duplicated)
117 -> 117
118 -> 118
119 -> 72, 83, 115, 119, 142, 162, 179, 184, 221, 226, 261, 270, 291, 314, 329, 352, 370, 376, 402, 406, 410, 416, 443, 448, 453, 465, 490, 510, 528, 558, 583, 597, 601, 603  (duplicated)
120 -> 2, 7, 13, 41, 73, 84, 116, 120, 143, 163, 180, 185, 222, 227, 262, 271, 292, 315, 330, 353, 371, 377, 403, 407, 411, 417, 444, 449, 454, 466, 491, 511, 529, 559, 584, 598, 602  (duplicated)
121 -> 121
122 -> 110, 122, 145, 264, 288, 310, 327, 348, 366, 396, 485, 526, 573  (duplicated)
123 -> 123, 146  (duplicated)
124 -> 124, 147  (duplicated)
125 -> 125, 148  (duplicated)
126 -> 126
127 -> 127
128 -> 128
129 -> 129
130 -> 130, 591  (duplicated)
131 -> 131
132 -> 132, 193, 211, 216, 234, 249, 254, 258, 400, 438, 462, 508, 540, 557, 578, 582, 594  (duplicated)
133 -> 133
134 -> 134
135 -> 135
136 -> 136
137 -> 137
138 -> 138
139 -> 139
140 -> 140
141 -> 141
142 -> 72, 83, 115, 119, 142, 162, 179, 184, 221, 226, 261, 270, 291, 314, 329, 352, 370, 376, 402, 406, 410, 416, 443, 448, 453, 465, 490, 510, 528, 558, 583, 597, 601, 603  (duplicated)
143 -> 2, 7, 13, 41, 73, 84, 116, 120, 143, 163, 180, 185, 222, 227, 262, 271, 292, 315, 330, 353, 371, 377, 403, 407, 411, 417, 444, 449, 454, 466, 491, 511, 529, 559, 584, 598, 602  (duplicated)
144 -> 144
145 -> 110, 122, 145, 264, 288, 310, 327, 348, 366, 396, 485, 526, 573  (duplicated)
146 -> 123, 146  (duplicated)
147 -> 124, 147  (duplicated)
148 -> 125, 148  (duplicated)
149 -> 149, 168  (duplicated)
150 -> 150
151 -> 151
152 -> 152
153 -> 153
154 -> 154
155 -> 155, 170, 176  (duplicated)
156 -> 156
157 -> 157
158 -> 158
159 -> 159
160 -> 160
161 -> 161
162 -> 72, 83, 115, 119, 142, 162, 179, 184, 221, 226, 261, 270, 291, 314, 329, 352, 370, 376, 402, 406, 410, 416, 443, 448, 453, 465, 490, 510, 528, 558, 583, 597, 601, 603  (duplicated)
163 -> 2, 7, 13, 41, 73, 84, 116, 120, 143, 163, 180, 185, 222, 227, 262, 271, 292, 315, 330, 353, 371, 377, 403, 407, 411, 417, 444, 449, 454, 466, 491, 511, 529, 559, 584, 598, 602  (duplicated)
164 -> 164
165 -> 165
166 -> 166
167 -> 167
168 -> 149, 168  (duplicated)
169 -> 169, 175  (duplicated)
170 -> 155, 170, 176  (duplicated)
171 -> 171
172 -> 172
173 -> 173
174 -> 174
175 -> 169, 175  (duplicated)
176 -> 155, 170, 176  (duplicated)
177 -> 177
178 -> 178
179 -> 72, 83, 115, 119, 142, 162, 179, 184, 221, 226, 261, 270, 291, 314, 329, 352, 370, 376, 402, 406, 410, 416, 443, 448, 453, 465, 490, 510, 528, 558, 583, 597, 601, 603  (duplicated)
180 -> 2, 7, 13, 41, 73, 84, 116, 120, 143, 163, 180, 185, 222, 227, 262, 271, 292, 315, 330, 353, 371, 377, 403, 407, 411, 417, 444, 449, 454, 466, 491, 511, 529, 559, 584, 598, 602  (duplicated)
181 -> 181
182 -> 182
183 -> 183
184 -> 72, 83, 115, 119, 142, 162, 179, 184, 221, 226, 261, 270, 291, 314, 329, 352, 370, 376, 402, 406, 410, 416, 443, 448, 453, 465, 490, 510, 528, 558, 583, 597, 601, 603  (duplicated)
185 -> 2, 7, 13, 41, 73, 84, 116, 120, 143, 163, 180, 185, 222, 227, 262, 271, 292, 315, 330, 353, 371, 377, 403, 407, 411, 417, 444, 449, 454, 466, 491, 511, 529, 559, 584, 598, 602  (duplicated)
186 -> 186
187 -> 187, 229  (duplicated)
188 -> 188
189 -> 189
190 -> 190
191 -> 191
192 -> 192
193 -> 132, 193, 211, 216, 234, 249, 254, 258, 400, 438, 462, 508, 540, 557, 578, 582, 594  (duplicated)
194 -> 194, 235  (duplicated)
195 -> 195, 236, 368, 532, 543  (duplicated)
196 -> 196, 237  (duplicated)
197 -> 197
198 -> 198, 239  (duplicated)
199 -> (deleted)
200 -> 243
201 -> (deleted)
202 -> (deleted)
203 -> 245
204 -> (deleted)
205 -> (deleted)
206 -> (deleted)
207 -> (deleted)
208 -> (deleted)
209 -> 132, 193, 211, 216, 234, 249, 254, 258, 400, 438, 462, 508, 540, 557, 578, 582, 594  (duplicated)
210 -> (deleted)
211 -> (deleted)
212 -> (deleted)
213 -> 212
214 -> (deleted)
215 -> (deleted)
216 -> 214, 252  (duplicated)
217 -> 215, 253  (duplicated)
218 -> 132, 193, 211, 216, 234, 249, 254, 258, 400, 438, 462, 508, 540, 557, 578, 582, 594  (duplicated)
219 -> 217, 255  (duplicated)
220 -> 218
221 -> 219
222 -> 220
223 -> 72, 83, 115, 119, 142, 162, 179, 184, 221, 226, 261, 270, 291, 314, 329, 352, 370, 376, 402, 406, 410, 416, 443, 448, 453, 465, 490, 510, 528, 558, 583, 597, 601, 603  (duplicated)
224 -> 2, 7, 13, 41, 73, 84, 116, 120, 143, 163, 180, 185, 222, 227, 262, 271, 292, 315, 330, 353, 371, 377, 403, 407, 411, 417, 444, 449, 454, 466, 491, 511, 529, 559, 584, 598, 602  (duplicated)
225 -> 223
226 -> 224
227 -> 225
228 -> 72, 83, 115, 119, 142, 162, 179, 184, 221, 226, 261, 270, 291, 314, 329, 352, 370, 376, 402, 406, 410, 416, 443, 448, 453, 465, 490, 510, 528, 558, 583, 597, 601, 603  (duplicated)
229 -> 2, 7, 13, 41, 73, 84, 116, 120, 143, 163, 180, 185, 222, 227, 262, 271, 292, 315, 330, 353, 371, 377, 403, 407, 411, 417, 444, 449, 454, 466, 491, 511, 529, 559, 584, 598, 602  (duplicated)
230 -> 228
231 -> 187, 229  (duplicated)
232 -> 230
233 -> 231
234 -> 232
235 -> 233
236 -> 132, 193, 211, 216, 234, 249, 254, 258, 400, 438, 462, 508, 540, 557, 578, 582, 594  (duplicated)
237 -> 194, 235  (duplicated)
238 -> 195, 236, 368, 532, 543  (duplicated)
239 -> 196, 237  (duplicated)
240 -> 238
241 -> 198, 239  (duplicated)
242 -> (deleted)
243 -> 243
244 -> 203
245 -> (deleted)
246 -> (deleted)
247 -> 208, 461, 507, 539, 551, 556  (duplicated)
248 -> (deleted)
249 -> 245
250 -> (deleted)
251 -> (deleted)
252 -> (deleted)
253 -> (deleted)
254 -> (deleted)
255 -> 132, 193, 211, 216, 234, 249, 254, 258, 400, 438, 462, 508, 540, 557, 578, 582, 594  (duplicated)
256 -> 250
257 -> 251
258 -> (deleted)
259 -> 214, 252  (duplicated)
260 -> 215, 253  (duplicated)
261 -> 132, 193, 211, 216, 234, 249, 254, 258, 400, 438, 462, 508, 540, 557, 578, 582, 594  (duplicated)
262 -> 217, 255  (duplicated)
263 -> 256
264 -> 257
265 -> 132, 193, 211, 216, 234, 249, 254, 258, 400, 438, 462, 508, 540, 557, 578, 582, 594  (duplicated)
266 -> 259
267 -> 260
268 -> 72, 83, 115, 119, 142, 162, 179, 184, 221, 226, 261, 270, 291, 314, 329, 352, 370, 376, 402, 406, 410, 416, 443, 448, 453, 465, 490, 510, 528, 558, 583, 597, 601, 603  (duplicated)
269 -> 2, 7, 13, 41, 73, 84, 116, 120, 143, 163, 180, 185, 222, 227, 262, 271, 292, 315, 330, 353, 371, 377, 403, 407, 411, 417, 444, 449, 454, 466, 491, 511, 529, 559, 584, 598, 602  (duplicated)
270 -> 263
271 -> 110, 122, 145, 264, 288, 310, 327, 348, 366, 396, 485, 526, 573  (duplicated)
272 -> 265
273 -> 266
274 -> 267
275 -> 268
276 -> 269
277 -> 72, 83, 115, 119, 142, 162, 179, 184, 221, 226, 261, 270, 291, 314, 329, 352, 370, 376, 402, 406, 410, 416, 443, 448, 453, 465, 490, 510, 528, 558, 583, 597, 601, 603  (duplicated)
278 -> 2, 7, 13, 41, 73, 84, 116, 120, 143, 163, 180, 185, 222, 227, 262, 271, 292, 315, 330, 353, 371, 377, 403, 407, 411, 417, 444, 449, 454, 466, 491, 511, 529, 559, 584, 598, 602  (duplicated)
279 -> 14, 42, 85, 272, 293, 316, 331, 354, 378, 467, 512, 560  (duplicated)
280 -> 273
281 -> 274
282 -> 54, 57, 65, 94, 96, 104, 275, 278, 301, 303, 318, 320, 341, 357, 359, 383, 386, 470, 472, 480, 517, 519, 564, 566  (duplicated)
283 -> 276
284 -> 277
285 -> 54, 57, 65, 94, 96, 104, 275, 278, 301, 303, 318, 320, 341, 357, 359, 383, 386, 470, 472, 480, 517, 519, 564, 566  (duplicated)
286 -> 58, 97, 279, 387, 473  (duplicated)
287 -> 280
288 -> 60, 64, 99, 103, 281, 285, 307, 324, 345, 363, 389, 393, 475, 479, 523, 570  (duplicated)
289 -> 61, 100, 282, 304, 321, 342, 360, 390, 476, 520, 567  (duplicated)
290 -> 101, 283, 305, 322, 343, 361, 391, 477, 521, 568  (duplicated)
291 -> 102, 284, 306, 323, 344, 362, 392, 478, 522, 569  (duplicated)
292 -> 60, 64, 99, 103, 281, 285, 307, 324, 345, 363, 389, 393, 475, 479, 523, 570  (duplicated)
293 -> 6, 36, 69, 108, 286, 308, 325, 346, 364, 394, 483, 524, 571  (duplicated)
294 -> 287
295 -> 110, 122, 145, 264, 288, 310, 327, 348, 366, 396, 485, 526, 573  (duplicated)
296 -> 289
297 -> 290
298 -> 72, 83, 115, 119, 142, 162, 179, 184, 221, 226, 261, 270, 291, 314, 329, 352, 370, 376, 402, 406, 410, 416, 443, 448, 453, 465, 490, 510, 528, 558, 583, 597, 601, 603  (duplicated)
299 -> 2, 7, 13, 41, 73, 84, 116, 120, 143, 163, 180, 185, 222, 227, 262, 271, 292, 315, 330, 353, 371, 377, 403, 407, 411, 417, 444, 449, 454, 466, 491, 511, 529, 559, 584, 598, 602  (duplicated)
300 -> 14, 42, 85, 272, 293, 316, 331, 354, 378, 467, 512, 560  (duplicated)
301 -> 294
302 -> 295
303 -> 18, 33, 45, 90, 296, 335  (duplicated)
304 -> 297, 336  (duplicated)
305 -> 298
306 -> 299, 338  (duplicated)
307 -> 35, 53, 93, 300, 339  (duplicated)
308 -> 54, 57, 65, 94, 96, 104, 275, 278, 301, 303, 318, 320, 341, 357, 359, 383, 386, 470, 472, 480, 517, 519, 564, 566  (duplicated)
309 -> 302
310 -> 54, 57, 65, 94, 96, 104, 275, 278, 301, 303, 318, 320, 341, 357, 359, 383, 386, 470, 472, 480, 517, 519, 564, 566  (duplicated)
311 -> 61, 100, 282, 304, 321, 342, 360, 390, 476, 520, 567  (duplicated)
312 -> 101, 283, 305, 322, 343, 361, 391, 477, 521, 568  (duplicated)
313 -> 102, 284, 306, 323, 344, 362, 392, 478, 522, 569  (duplicated)
314 -> 60, 64, 99, 103, 281, 285, 307, 324, 345, 363, 389, 393, 475, 479, 523, 570  (duplicated)
315 -> 6, 36, 69, 108, 286, 308, 325, 346, 364, 394, 483, 524, 571  (duplicated)
316 -> 309
317 -> 110, 122, 145, 264, 288, 310, 327, 348, 366, 396, 485, 526, 573  (duplicated)
318 -> 311
319 -> 312
320 -> 313
321 -> 72, 83, 115, 119, 142, 162, 179, 184, 221, 226, 261, 270, 291, 314, 329, 352, 370, 376, 402, 406, 410, 416, 443, 448, 453, 465, 490, 510, 528, 558, 583, 597, 601, 603  (duplicated)
322 -> 2, 7, 13, 41, 73, 84, 116, 120, 143, 163, 180, 185, 222, 227, 262, 271, 292, 315, 330, 353, 371, 377, 403, 407, 411, 417, 444, 449, 454, 466, 491, 511, 529, 559, 584, 598, 602  (duplicated)
323 -> 14, 42, 85, 272, 293, 316, 331, 354, 378, 467, 512, 560  (duplicated)
324 -> 317
325 -> 54, 57, 65, 94, 96, 104, 275, 278, 301, 303, 318, 320, 341, 357, 359, 383, 386, 470, 472, 480, 517, 519, 564, 566  (duplicated)
326 -> 319
327 -> 54, 57, 65, 94, 96, 104, 275, 278, 301, 303, 318, 320, 341, 357, 359, 383, 386, 470, 472, 480, 517, 519, 564, 566  (duplicated)
328 -> 61, 100, 282, 304, 321, 342, 360, 390, 476, 520, 567  (duplicated)
329 -> 101, 283, 305, 322, 343, 361, 391, 477, 521, 568  (duplicated)
330 -> 102, 284, 306, 323, 344, 362, 392, 478, 522, 569  (duplicated)
331 -> 60, 64, 99, 103, 281, 285, 307, 324, 345, 363, 389, 393, 475, 479, 523, 570  (duplicated)
332 -> 6, 36, 69, 108, 286, 308, 325, 346, 364, 394, 483, 524, 571  (duplicated)
333 -> 326
334 -> 110, 122, 145, 264, 288, 310, 327, 348, 366, 396, 485, 526, 573  (duplicated)
335 -> 328
336 -> 72, 83, 115, 119, 142, 162, 179, 184, 221, 226, 261, 270, 291, 314, 329, 352, 370, 376, 402, 406, 410, 416, 443, 448, 453, 465, 490, 510, 528, 558, 583, 597, 601, 603  (duplicated)
337 -> 2, 7, 13, 41, 73, 84, 116, 120, 143, 163, 180, 185, 222, 227, 262, 271, 292, 315, 330, 353, 371, 377, 403, 407, 411, 417, 444, 449, 454, 466, 491, 511, 529, 559, 584, 598, 602  (duplicated)
338 -> 14, 42, 85, 272, 293, 316, 331, 354, 378, 467, 512, 560  (duplicated)
339 -> 332
340 -> 333
341 -> 334
342 -> 18, 33, 45, 90, 296, 335  (duplicated)
343 -> 297, 336  (duplicated)
344 -> 337
345 -> 299, 338  (duplicated)
346 -> 35, 53, 93, 300, 339  (duplicated)
347 -> 340
348 -> 54, 57, 65, 94, 96, 104, 275, 278, 301, 303, 318, 320, 341, 357, 359, 383, 386, 470, 472, 480, 517, 519, 564, 566  (duplicated)
349 -> 61, 100, 282, 304, 321, 342, 360, 390, 476, 520, 567  (duplicated)
350 -> 101, 283, 305, 322, 343, 361, 391, 477, 521, 568  (duplicated)
351 -> 102, 284, 306, 323, 344, 362, 392, 478, 522, 569  (duplicated)
352 -> 60, 64, 99, 103, 281, 285, 307, 324, 345, 363, 389, 393, 475, 479, 523, 570  (duplicated)
353 -> 6, 36, 69, 108, 286, 308, 325, 346, 364, 394, 483, 524, 571  (duplicated)
354 -> 347
355 -> 110, 122, 145, 264, 288, 310, 327, 348, 366, 396, 485, 526, 573  (duplicated)
356 -> 349, 588  (duplicated)
357 -> 350
358 -> 351
359 -> 72, 83, 115, 119, 142, 162, 179, 184, 221, 226, 261, 270, 291, 314, 329, 352, 370, 376, 402, 406, 410, 416, 443, 448, 453, 465, 490, 510, 528, 558, 583, 597, 601, 603  (duplicated)
360 -> 2, 7, 13, 41, 73, 84, 116, 120, 143, 163, 180, 185, 222, 227, 262, 271, 292, 315, 330, 353, 371, 377, 403, 407, 411, 417, 444, 449, 454, 466, 491, 511, 529, 559, 584, 598, 602  (duplicated)
361 -> 14, 42, 85, 272, 293, 316, 331, 354, 378, 467, 512, 560  (duplicated)
362 -> 355
363 -> 356
364 -> 54, 57, 65, 94, 96, 104, 275, 278, 301, 303, 318, 320, 341, 357, 359, 383, 386, 470, 472, 480, 517, 519, 564, 566  (duplicated)
365 -> 358
366 -> 54, 57, 65, 94, 96, 104, 275, 278, 301, 303, 318, 320, 341, 357, 359, 383, 386, 470, 472, 480, 517, 519, 564, 566  (duplicated)
367 -> 61, 100, 282, 304, 321, 342, 360, 390, 476, 520, 567  (duplicated)
368 -> 101, 283, 305, 322, 343, 361, 391, 477, 521, 568  (duplicated)
369 -> 102, 284, 306, 323, 344, 362, 392, 478, 522, 569  (duplicated)
370 -> 60, 64, 99, 103, 281, 285, 307, 324, 345, 363, 389, 393, 475, 479, 523, 570  (duplicated)
371 -> 6, 36, 69, 108, 286, 308, 325, 346, 364, 394, 483, 524, 571  (duplicated)
372 -> 365
373 -> 110, 122, 145, 264, 288, 310, 327, 348, 366, 396, 485, 526, 573  (duplicated)
374 -> 367, 531  (duplicated)
375 -> 195, 236, 368, 532, 543  (duplicated)
376 -> 369
377 -> 72, 83, 115, 119, 142, 162, 179, 184, 221, 226, 261, 270, 291, 314, 329, 352, 370, 376, 402, 406, 410, 416, 443, 448, 453, 465, 490, 510, 528, 558, 583, 597, 601, 603  (duplicated)
378 -> 2, 7, 13, 41, 73, 84, 116, 120, 143, 163, 180, 185, 222, 227, 262, 271, 292, 315, 330, 353, 371, 377, 403, 407, 411, 417, 444, 449, 454, 466, 491, 511, 529, 559, 584, 598, 602  (duplicated)
379 -> 372
380 -> 373
381 -> 374
382 -> 375
383 -> 72, 83, 115, 119, 142, 162, 179, 184, 221, 226, 261, 270, 291, 314, 329, 352, 370, 376, 402, 406, 410, 416, 443, 448, 453, 465, 490, 510, 528, 558, 583, 597, 601, 603  (duplicated)
384 -> 2, 7, 13, 41, 73, 84, 116, 120, 143, 163, 180, 185, 222, 227, 262, 271, 292, 315, 330, 353, 371, 377, 403, 407, 411, 417, 444, 449, 454, 466, 491, 511, 529, 559, 584, 598, 602  (duplicated)
385 -> 14, 42, 85, 272, 293, 316, 331, 354, 378, 467, 512, 560  (duplicated)
386 -> 379
387 -> 380
388 -> 381
389 -> 382
390 -> 54, 57, 65, 94, 96, 104, 275, 278, 301, 303, 318, 320, 341, 357, 359, 383, 386, 470, 472, 480, 517, 519, 564, 566  (duplicated)
391 -> 384
392 -> 385
393 -> 54, 57, 65, 94, 96, 104, 275, 278, 301, 303, 318, 320, 341, 357, 359, 383, 386, 470, 472, 480, 517, 519, 564, 566  (duplicated)
394 -> 58, 97, 279, 387, 473  (duplicated)
395 -> 388
396 -> 60, 64, 99, 103, 281, 285, 307, 324, 345, 363, 389, 393, 475, 479, 523, 570  (duplicated)
397 -> 61, 100, 282, 304, 321, 342, 360, 390, 476, 520, 567  (duplicated)
398 -> 101, 283, 305, 322, 343, 361, 391, 477, 521, 568  (duplicated)
399 -> 102, 284, 306, 323, 344, 362, 392, 478, 522, 569  (duplicated)
400 -> 60, 64, 99, 103, 281, 285, 307, 324, 345, 363, 389, 393, 475, 479, 523, 570  (duplicated)
401 -> 6, 36, 69, 108, 286, 308, 325, 346, 364, 394, 483, 524, 571  (duplicated)
402 -> 395
403 -> 110, 122, 145, 264, 288, 310, 327, 348, 366, 396, 485, 526, 573  (duplicated)
404 -> 397
405 -> 398, 456  (duplicated)
406 -> 399
407 -> 132, 193, 211, 216, 234, 249, 254, 258, 400, 438, 462, 508, 540, 557, 578, 582, 594  (duplicated)
408 -> 401
409 -> 72, 83, 115, 119, 142, 162, 179, 184, 221, 226, 261, 270, 291, 314, 329, 352, 370, 376, 402, 406, 410, 416, 443, 448, 453, 465, 490, 510, 528, 558, 583, 597, 601, 603  (duplicated)
410 -> 2, 7, 13, 41, 73, 84, 116, 120, 143, 163, 180, 185, 222, 227, 262, 271, 292, 315, 330, 353, 371, 377, 403, 407, 411, 417, 444, 449, 454, 466, 491, 511, 529, 559, 584, 598, 602  (duplicated)
411 -> 404
412 -> 405
413 -> 72, 83, 115, 119, 142, 162, 179, 184, 221, 226, 261, 270, 291, 314, 329, 352, 370, 376, 402, 406, 410, 416, 443, 448, 453, 465, 490, 510, 528, 558, 583, 597, 601, 603  (duplicated)
414 -> 2, 7, 13, 41, 73, 84, 116, 120, 143, 163, 180, 185, 222, 227, 262, 271, 292, 315, 330, 353, 371, 377, 403, 407, 411, 417, 444, 449, 454, 466, 491, 511, 529, 559, 584, 598, 602  (duplicated)
415 -> 408
416 -> 409, 600  (duplicated)
417 -> 72, 83, 115, 119, 142, 162, 179, 184, 221, 226, 261, 270, 291, 314, 329, 352, 370, 376, 402, 406, 410, 416, 443, 448, 453, 465, 490, 510, 528, 558, 583, 597, 601, 603  (duplicated)
418 -> 2, 7, 13, 41, 73, 84, 116, 120, 143, 163, 180, 185, 222, 227, 262, 271, 292, 315, 330, 353, 371, 377, 403, 407, 411, 417, 444, 449, 454, 466, 491, 511, 529, 559, 584, 598, 602  (duplicated)
419 -> 412
420 -> 413
421 -> 414
422 -> 415, 442  (duplicated)
423 -> 72, 83, 115, 119, 142, 162, 179, 184, 221, 226, 261, 270, 291, 314, 329, 352, 370, 376, 402, 406, 410, 416, 443, 448, 453, 465, 490, 510, 528, 558, 583, 597, 601, 603  (duplicated)
424 -> 2, 7, 13, 41, 73, 84, 116, 120, 143, 163, 180, 185, 222, 227, 262, 271, 292, 315, 330, 353, 371, 377, 403, 407, 411, 417, 444, 449, 454, 466, 491, 511, 529, 559, 584, 598, 602  (duplicated)
425 -> 418
426 -> 419
427 -> 420
428 -> 421
429 -> 422
430 -> 423
431 -> 424
432 -> 425
433 -> 426
434 -> 427
435 -> 428
436 -> 429
437 -> 430
438 -> 431
439 -> 432
440 -> 433
441 -> 434
442 -> 435
443 -> 436
444 -> 437
445 -> 132, 193, 211, 216, 234, 249, 254, 258, 400, 438, 462, 508, 540, 557, 578, 582, 594  (duplicated)
446 -> 439
447 -> 440
448 -> 441
449 -> 415, 442  (duplicated)
450 -> 72, 83, 115, 119, 142, 162, 179, 184, 221, 226, 261, 270, 291, 314, 329, 352, 370, 376, 402, 406, 410, 416, 443, 448, 453, 465, 490, 510, 528, 558, 583, 597, 601, 603  (duplicated)
451 -> 2, 7, 13, 41, 73, 84, 116, 120, 143, 163, 180, 185, 222, 227, 262, 271, 292, 315, 330, 353, 371, 377, 403, 407, 411, 417, 444, 449, 454, 466, 491, 511, 529, 559, 584, 598, 602  (duplicated)
452 -> 445
453 -> 446
454 -> 447
455 -> 72, 83, 115, 119, 142, 162, 179, 184, 221, 226, 261, 270, 291, 314, 329, 352, 370, 376, 402, 406, 410, 416, 443, 448, 453, 465, 490, 510, 528, 558, 583, 597, 601, 603  (duplicated)
456 -> 2, 7, 13, 41, 73, 84, 116, 120, 143, 163, 180, 185, 222, 227, 262, 271, 292, 315, 330, 353, 371, 377, 403, 407, 411, 417, 444, 449, 454, 466, 491, 511, 529, 559, 584, 598, 602  (duplicated)
457 -> 450
458 -> 451
459 -> 452
460 -> 72, 83, 115, 119, 142, 162, 179, 184, 221, 226, 261, 270, 291, 314, 329, 352, 370, 376, 402, 406, 410, 416, 443, 448, 453, 465, 490, 510, 528, 558, 583, 597, 601, 603  (duplicated)
461 -> 2, 7, 13, 41, 73, 84, 116, 120, 143, 163, 180, 185, 222, 227, 262, 271, 292, 315, 330, 353, 371, 377, 403, 407, 411, 417, 444, 449, 454, 466, 491, 511, 529, 559, 584, 598, 602  (duplicated)
462 -> 455
463 -> 398, 456  (duplicated)
464 -> 457
465 -> 458
466 -> 459
467 -> 460
468 -> 208, 461, 507, 539, 551, 556  (duplicated)
469 -> 132, 193, 211, 216, 234, 249, 254, 258, 400, 438, 462, 508, 540, 557, 578, 582, 594  (duplicated)
470 -> 463
471 -> 464
472 -> 72, 83, 115, 119, 142, 162, 179, 184, 221, 226, 261, 270, 291, 314, 329, 352, 370, 376, 402, 406, 410, 416, 443, 448, 453, 465, 490, 510, 528, 558, 583, 597, 601, 603  (duplicated)
473 -> 2, 7, 13, 41, 73, 84, 116, 120, 143, 163, 180, 185, 222, 227, 262, 271, 292, 315, 330, 353, 371, 377, 403, 407, 411, 417, 444, 449, 454, 466, 491, 511, 529, 559, 584, 598, 602  (duplicated)
474 -> 14, 42, 85, 272, 293, 316, 331, 354, 378, 467, 512, 560  (duplicated)
475 -> 468
476 -> 469
477 -> 54, 57, 65, 94, 96, 104, 275, 278, 301, 303, 318, 320, 341, 357, 359, 383, 386, 470, 472, 480, 517, 519, 564, 566  (duplicated)
478 -> 471
479 -> 54, 57, 65, 94, 96, 104, 275, 278, 301, 303, 318, 320, 341, 357, 359, 383, 386, 470, 472, 480, 517, 519, 564, 566  (duplicated)
480 -> 58, 97, 279, 387, 473  (duplicated)
481 -> 98, 474  (duplicated)
482 -> 60, 64, 99, 103, 281, 285, 307, 324, 345, 363, 389, 393, 475, 479, 523, 570  (duplicated)
483 -> 61, 100, 282, 304, 321, 342, 360, 390, 476, 520, 567  (duplicated)
484 -> 101, 283, 305, 322, 343, 361, 391, 477, 521, 568  (duplicated)
485 -> 102, 284, 306, 323, 344, 362, 392, 478, 522, 569  (duplicated)
486 -> 60, 64, 99, 103, 281, 285, 307, 324, 345, 363, 389, 393, 475, 479, 523, 570  (duplicated)
487 -> 54, 57, 65, 94, 96, 104, 275, 278, 301, 303, 318, 320, 341, 357, 359, 383, 386, 470, 472, 480, 517, 519, 564, 566  (duplicated)
488 -> 105, 481  (duplicated)
489 -> 482
490 -> 6, 36, 69, 108, 286, 308, 325, 346, 364, 394, 483, 524, 571  (duplicated)
491 -> 484
492 -> 110, 122, 145, 264, 288, 310, 327, 348, 366, 396, 485, 526, 573  (duplicated)
493 -> 111, 486  (duplicated)
494 -> 487
495 -> 488
496 -> 489
497 -> 72, 83, 115, 119, 142, 162, 179, 184, 221, 226, 261, 270, 291, 314, 329, 352, 370, 376, 402, 406, 410, 416, 443, 448, 453, 465, 490, 510, 528, 558, 583, 597, 601, 603  (duplicated)
498 -> 2, 7, 13, 41, 73, 84, 116, 120, 143, 163, 180, 185, 222, 227, 262, 271, 292, 315, 330, 353, 371, 377, 403, 407, 411, 417, 444, 449, 454, 466, 491, 511, 529, 559, 584, 598, 602  (duplicated)
499 -> 492
500 -> 493
501 -> 494
502 -> 495
503 -> 496
504 -> 497
505 -> 498
506 -> 499
507 -> 500
508 -> 501
509 -> 502
510 -> 503
511 -> 504
512 -> 505
513 -> 506
514 -> 208, 461, 507, 539, 551, 556  (duplicated)
515 -> 132, 193, 211, 216, 234, 249, 254, 258, 400, 438, 462, 508, 540, 557, 578, 582, 594  (duplicated)
516 -> 509
517 -> 72, 83, 115, 119, 142, 162, 179, 184, 221, 226, 261, 270, 291, 314, 329, 352, 370, 376, 402, 406, 410, 416, 443, 448, 453, 465, 490, 510, 528, 558, 583, 597, 601, 603  (duplicated)
518 -> 2, 7, 13, 41, 73, 84, 116, 120, 143, 163, 180, 185, 222, 227, 262, 271, 292, 315, 330, 353, 371, 377, 403, 407, 411, 417, 444, 449, 454, 466, 491, 511, 529, 559, 584, 598, 602  (duplicated)
519 -> 14, 42, 85, 272, 293, 316, 331, 354, 378, 467, 512, 560  (duplicated)
520 -> 513
521 -> 514
522 -> 515, 562  (duplicated)
523 -> 516
524 -> 54, 57, 65, 94, 96, 104, 275, 278, 301, 303, 318, 320, 341, 357, 359, 383, 386, 470, 472, 480, 517, 519, 564, 566  (duplicated)
525 -> 518
526 -> 54, 57, 65, 94, 96, 104, 275, 278, 301, 303, 318, 320, 341, 357, 359, 383, 386, 470, 472, 480, 517, 519, 564, 566  (duplicated)
527 -> 61, 100, 282, 304, 321, 342, 360, 390, 476, 520, 567  (duplicated)
528 -> 101, 283, 305, 322, 343, 361, 391, 477, 521, 568  (duplicated)
529 -> 102, 284, 306, 323, 344, 362, 392, 478, 522, 569  (duplicated)
530 -> 60, 64, 99, 103, 281, 285, 307, 324, 345, 363, 389, 393, 475, 479, 523, 570  (duplicated)
531 -> 6, 36, 69, 108, 286, 308, 325, 346, 364, 394, 483, 524, 571  (duplicated)
532 -> 525
533 -> 110, 122, 145, 264, 288, 310, 327, 348, 366, 396, 485, 526, 573  (duplicated)
534 -> 527
535 -> 72, 83, 115, 119, 142, 162, 179, 184, 221, 226, 261, 270, 291, 314, 329, 352, 370, 376, 402, 406, 410, 416, 443, 448, 453, 465, 490, 510, 528, 558, 583, 597, 601, 603  (duplicated)
536 -> 2, 7, 13, 41, 73, 84, 116, 120, 143, 163, 180, 185, 222, 227, 262, 271, 292, 315, 330, 353, 371, 377, 403, 407, 411, 417, 444, 449, 454, 466, 491, 511, 529, 559, 584, 598, 602  (duplicated)
537 -> 530
538 -> 367, 531  (duplicated)
539 -> 195, 236, 368, 532, 543  (duplicated)
540 -> 533
541 -> 534
542 -> 535
543 -> 536, 547  (duplicated)
544 -> 537, 548  (duplicated)
545 -> 538
546 -> 208, 461, 507, 539, 551, 556  (duplicated)
547 -> 132, 193, 211, 216, 234, 249, 254, 258, 400, 438, 462, 508, 540, 557, 578, 582, 594  (duplicated)
548 -> 541
549 -> 542
550 -> 195, 236, 368, 532, 543  (duplicated)
551 -> 544
552 -> 545
553 -> 546
554 -> 536, 547  (duplicated)
555 -> 537, 548  (duplicated)
556 -> 549
557 -> 550
558 -> 208, 461, 507, 539, 551, 556  (duplicated)
559 -> 552
560 -> 553
561 -> 554
562 -> 555
563 -> 208, 461, 507, 539, 551, 556  (duplicated)
564 -> 132, 193, 211, 216, 234, 249, 254, 258, 400, 438, 462, 508, 540, 557, 578, 582, 594  (duplicated)
565 -> 72, 83, 115, 119, 142, 162, 179, 184, 221, 226, 261, 270, 291, 314, 329, 352, 370, 376, 402, 406, 410, 416, 443, 448, 453, 465, 490, 510, 528, 558, 583, 597, 601, 603  (duplicated)
566 -> 2, 7, 13, 41, 73, 84, 116, 120, 143, 163, 180, 185, 222, 227, 262, 271, 292, 315, 330, 353, 371, 377, 403, 407, 411, 417, 444, 449, 454, 466, 491, 511, 529, 559, 584, 598, 602  (duplicated)
567 -> 14, 42, 85, 272, 293, 316, 331, 354, 378, 467, 512, 560  (duplicated)
568 -> 561
569 -> 515, 562  (duplicated)
570 -> 563
571 -> 54, 57, 65, 94, 96, 104, 275, 278, 301, 303, 318, 320, 341, 357, 359, 383, 386, 470, 472, 480, 517, 519, 564, 566  (duplicated)
572 -> 565
573 -> 54, 57, 65, 94, 96, 104, 275, 278, 301, 303, 318, 320, 341, 357, 359, 383, 386, 470, 472, 480, 517, 519, 564, 566  (duplicated)
574 -> 61, 100, 282, 304, 321, 342, 360, 390, 476, 520, 567  (duplicated)
575 -> 101, 283, 305, 322, 343, 361, 391, 477, 521, 568  (duplicated)
576 -> 102, 284, 306, 323, 344, 362, 392, 478, 522, 569  (duplicated)
577 -> 60, 64, 99, 103, 281, 285, 307, 324, 345, 363, 389, 393, 475, 479, 523, 570  (duplicated)
578 -> 6, 36, 69, 108, 286, 308, 325, 346, 364, 394, 483, 524, 571  (duplicated)
579 -> 572
580 -> 110, 122, 145, 264, 288, 310, 327, 348, 366, 396, 485, 526, 573  (duplicated)
581 -> 574
582 -> 575
583 -> 576
584 -> 577
585 -> 132, 193, 211, 216, 234, 249, 254, 258, 400, 438, 462, 508, 540, 557, 578, 582, 594  (duplicated)
586 -> 579
587 -> 580
588 -> 581
589 -> 132, 193, 211, 216, 234, 249, 254, 258, 400, 438, 462, 508, 540, 557, 578, 582, 594  (duplicated)
590 -> 72, 83, 115, 119, 142, 162, 179, 184, 221, 226, 261, 270, 291, 314, 329, 352, 370, 376, 402, 406, 410, 416, 443, 448, 453, 465, 490, 510, 528, 558, 583, 597, 601, 603  (duplicated)
591 -> 2, 7, 13, 41, 73, 84, 116, 120, 143, 163, 180, 185, 222, 227, 262, 271, 292, 315, 330, 353, 371, 377, 403, 407, 411, 417, 444, 449, 454, 466, 491, 511, 529, 559, 584, 598, 602  (duplicated)
592 -> 585
593 -> 586
594 -> 587
595 -> 349, 588  (duplicated)
596 -> 589
597 -> 590
598 -> 130, 591  (duplicated)
599 -> 592
600 -> 593
601 -> 132, 193, 211, 216, 234, 249, 254, 258, 400, 438, 462, 508, 540, 557, 578, 582, 594  (duplicated)
602 -> 595
603 -> 596
604 -> 72, 83, 115, 119, 142, 162, 179, 184, 221, 226, 261, 270, 291, 314, 329, 352, 370, 376, 402, 406, 410, 416, 443, 448, 453, 465, 490, 510, 528, 558, 583, 597, 601, 603  (duplicated)
605 -> 2, 7, 13, 41, 73, 84, 116, 120, 143, 163, 180, 185, 222, 227, 262, 271, 292, 315, 330, 353, 371, 377, 403, 407, 411, 417, 444, 449, 454, 466, 491, 511, 529, 559, 584, 598, 602  (duplicated)
606 -> 599
607 -> 409, 600  (duplicated)
608 -> 72, 83, 115, 119, 142, 162, 179, 184, 221, 226, 261, 270, 291, 314, 329, 352, 370, 376, 402, 406, 410, 416, 443, 448, 453, 465, 490, 510, 528, 558, 583, 597, 601, 603  (duplicated)
609 -> 2, 7, 13, 41, 73, 84, 116, 120, 143, 163, 180, 185, 222, 227, 262, 271, 292, 315, 330, 353, 371, 377, 403, 407, 411, 417, 444, 449, 454, 466, 491, 511, 529, 559, 584, 598, 602  (duplicated)
610 -> 72, 83, 115, 119, 142, 162, 179, 184, 221, 226, 261, 270, 291, 314, 329, 352, 370, 376, 402, 406, 410, 416, 443, 448, 453, 465, 490, 510, 528, 558, 583, 597, 601, 603  (duplicated)