1 -> 1
2 -> 2
3 -> 3
4 -> 4
5 -> 5
6 -> 6
7 -> 7
8 -> 8
9 -> 9
10 -> 10
11 -> 11, 13, 15, 45, 49, 51, 203, 243  (duplicated)
12 -> 12
13 -> 11, 13, 15, 45, 49, 51, 203, 243  (duplicated)
14 -> 14
15 -> 11, 13, 15, 45, 49, 51, 203, 243  (duplicated)
16 -> 16
17 -> 17
18 -> 18
19 -> 19
20 -> 20
21 -> 21
22 -> 22
23 -> 23
24 -> 24
25 -> (deleted)
26 -> 25
27 -> 27
28 -> 28
29 -> 29
30 -> 30
31 -> (deleted)
32 -> 31
33 -> 33
34 -> 34
35 -> (deleted)
36 -> 35
37 -> 36
38 -> 37
39 -> (deleted)
40 -> (deleted)
41 -> 38
42 -> (deleted)
43 -> 39
44 -> 41
45 -> 42
46 -> 43
47 -> 44
48 -> (deleted)
49 -> 11, 13, 15, 45, 49, 51, 203, 243  (duplicated)
50 -> 46
51 -> 47
52 -> 48
53 -> 11, 13, 15, 45, 49, 51, 203, 243  (duplicated)
54 -> 50
55 -> 11, 13, 15, 45, 49, 51, 203, 243  (duplicated)
56 -> 52
57 -> 53
58 -> 54
59 -> 55, 75, 76  (duplicated)
60 -> 56
61 -> 57, 72, 202, 211, 218, 225, 240  (duplicated)
62 -> 58, 212, 219, 226, 233, 241, 242  (duplicated)
63 -> 59
64 -> 60
65 -> 61
66 -> 62
67 -> 63
68 -> 64
69 -> 65
70 -> 66
71 -> 67
72 -> 68, 98, 115  (duplicated)
73 -> 69, 85, 100, 105, 116, 124, 131, 138, 145, 152, 157, 163, 169, 172, 179, 186, 191, 197  (duplicated)
74 -> 70, 199, 209, 216, 223, 230  (duplicated)
75 -> 71
76 -> 57, 72, 202, 211, 218, 225, 240  (duplicated)
77 -> 73, 74, 200  (duplicated)
78 -> 73, 74, 200  (duplicated)
79 -> 55, 75, 76  (duplicated)
80 -> 55, 75, 76  (duplicated)
81 -> 77
82 -> 78
83 -> (deleted)
84 -> 81
85 -> 82
86 -> 83
87 -> 84
88 -> 69, 85, 100, 105, 116, 124, 131, 138, 145, 152, 157, 163, 169, 172, 179, 186, 191, 197  (duplicated)
89 -> 86
90 -> 87
91 -> (deleted)
92 -> 89
93 -> 90
94 -> 91
95 -> 92
96 -> 93
97 -> 94
98 -> 95
99 -> 96
100 -> 97
101 -> 68, 98, 115  (duplicated)
102 -> 99
103 -> 69, 85, 100, 105, 116, 124, 131, 138, 145, 152, 157, 163, 169, 172, 179, 186, 191, 197  (duplicated)
104 -> 101
105 -> 102
106 -> 103
107 -> 104
108 -> 69, 85, 100, 105, 116, 124, 131, 138, 145, 152, 157, 163, 169, 172, 179, 186, 191, 197  (duplicated)
109 -> 106
110 -> (deleted)
111 -> 108
112 -> 109
113 -> (deleted)
114 -> (deleted)
115 -> (deleted)
116 -> 69, 85, 100, 105, 116, 124, 131, 138, 145, 152, 157, 163, 169, 172, 179, 186, 191, 197  (duplicated)
117 -> (deleted)
118 -> (deleted)
119 -> (deleted)
120 -> (deleted)
121 -> (deleted)
122 -> (deleted)
123 -> (deleted)
124 -> (deleted)
125 -> (deleted)
126 -> (deleted)
127 -> (deleted)
128 -> (deleted)
129 -> 69, 85, 100, 105, 116, 124, 131, 138, 145, 152, 157, 163, 169, 172, 179, 186, 191, 197  (duplicated)
130 -> (deleted)
131 -> (deleted)
132 -> (deleted)
133 -> (deleted)
134 -> (deleted)
135 -> (deleted)
136 -> (deleted)
137 -> 141
138 -> (deleted)
139 -> (deleted)
140 -> (deleted)
141 -> 69, 85, 100, 105, 116, 124, 131, 138, 145, 152, 157, 163, 169, 172, 179, 186, 191, 197  (duplicated)
142 -> (deleted)
143 -> 148
144 -> (deleted)
145 -> 150
146 -> 151, 156, 190  (duplicated)
147 -> 69, 85, 100, 105, 116, 124, 131, 138, 145, 152, 157, 163, 169, 172, 179, 186, 191, 197  (duplicated)
148 -> (deleted)
149 -> 155
150 -> 151, 156, 190  (duplicated)
151 -> (deleted)
152 -> (deleted)
153 -> (deleted)
154 -> (deleted)
155 -> (deleted)
156 -> 69, 85, 100, 105, 116, 124, 131, 138, 145, 152, 157, 163, 169, 172, 179, 186, 191, 197  (duplicated)
157 -> (deleted)
158 -> 166
159 -> 167
160 -> 168, 178, 185  (duplicated)
161 -> (deleted)
162 -> (deleted)
163 -> (deleted)
164 -> 68, 98, 115  (duplicated)
165 -> (deleted)
166 -> 69, 85, 100, 105, 116, 124, 131, 138, 145, 152, 157, 163, 169, 172, 179, 186, 191, 197  (duplicated)
167 -> (deleted)
168 -> 175, 180  (duplicated)
169 -> (deleted)
170 -> 177
171 -> 168, 178, 185  (duplicated)
172 -> (deleted)
173 -> 151, 156, 190  (duplicated)
174 -> 69, 85, 100, 105, 116, 124, 131, 138, 145, 152, 157, 163, 169, 172, 179, 186, 191, 197  (duplicated)
175 -> (deleted)
176 -> 184
177 -> 168, 178, 185  (duplicated)
178 -> 69, 85, 100, 105, 116, 124, 131, 138, 145, 152, 157, 163, 169, 172, 179, 186, 191, 197  (duplicated)
179 -> (deleted)
180 -> 189
181 -> 151, 156, 190  (duplicated)
182 -> 69, 85, 100, 105, 116, 124, 131, 138, 145, 152, 157, 163, 169, 172, 179, 186, 191, 197  (duplicated)
183 -> (deleted)
184 -> 194
185 -> 195
186 -> 196
187 -> 69, 85, 100, 105, 116, 124, 131, 138, 145, 152, 157, 163, 169, 172, 179, 186, 191, 197  (duplicated)
188 -> 70, 199, 209, 216, 223, 230  (duplicated)
189 -> 73, 74, 200  (duplicated)
190 -> 201, 210  (duplicated)
191 -> 57, 72, 202, 211, 218, 225, 240  (duplicated)
192 -> 11, 13, 15, 45, 49, 51, 203, 243  (duplicated)
193 -> 204
194 -> 205
195 -> 206
196 -> 207
197 -> 208
198 -> 70, 199, 209, 216, 223, 230  (duplicated)
199 -> 201, 210  (duplicated)
200 -> 57, 72, 202, 211, 218, 225, 240  (duplicated)
201 -> 58, 212, 219, 226, 233, 241, 242  (duplicated)
202 -> 213
203 -> (deleted)
204 -> 215, 222, 229  (duplicated)
205 -> 70, 199, 209, 216, 223, 230  (duplicated)
206 -> 217
207 -> 57, 72, 202, 211, 218, 225, 240  (duplicated)
208 -> 58, 212, 219, 226, 233, 241, 242  (duplicated)
209 -> 234
210 -> 235
211 -> 236
212 -> 237
213 -> 238
214 -> 239
215 -> 57, 72, 202, 211, 218, 225, 240  (duplicated)
216 -> 58, 212, 219, 226, 233, 241, 242  (duplicated)
217 -> 58, 212, 219, 226, 233, 241, 242  (duplicated)
218 -> 11, 13, 15, 45, 49, 51, 203, 243  (duplicated)
219 -> 244